# Names, Base_Model, xgboost_8_Model, xgboost_45_Model
NDWFS_J142535.2+324932 0.990492045879364 0.9641335606575012 0.9976571798324585
NDWFS_J142522.3+325422 0.9997950196266174 0.9756920337677002 0.9986808896064758
NDWFS_J142516.6+324335 0.9947530031204224 0.9262312650680542 0.9888339638710022
NDWFS_J142710.3+324841 0.9955421090126038 0.9149502515792847 0.9812427759170532
NDWFS_J142548.3+322957 0.9985853433609009 0.9777952432632446 0.9984985589981079
NDWFS_J142449.7+324744 0.9592559337615967 0.7971150875091553 0.9251846075057983
NDWFS_J142708.1+324450 0.9954075217247009 0.9767069816589355 0.9981787204742432
NDWFS_J142703.5+324507 0.9989941716194153 0.9800108671188354 0.9990047812461853
NDWFS_J142717.4+324524 0.9952087998390198 0.9244980812072754 0.9760727286338806
NDWFS_J142653.7+324808 0.543209433555603 0.6248897314071655 0.7842621803283691
NDWFS_J142716.3+325136 0.9998979568481445 0.9589853286743164 0.9996821880340576
NDWFS_J142555.9+324547 0.9748733639717102 0.7989675998687744 0.940642774105072
NDWFS_J142600.8+324629 0.9999650716781616 0.9814645648002625 0.999743640422821
NDWFS_J142607.1+324646 0.9805132746696472 0.9429211020469666 0.9926391839981079
NDWFS_J142541.8+324840 0.9989812970161438 0.9652001857757568 0.9964836835861206
NDWFS_J142451.0+324910 0.9828959703445435 0.9205609560012817 0.9939939379692078
NDWFS_J142445.8+324949 0.9996739625930786 0.9523088932037354 0.9958307147026062
NDWFS_J142454.1+325239 0.9972997307777405 0.9631600975990295 0.998091995716095
NDWFS_J142644.9+323206 0.9987126588821411 0.9033480286598206 0.9916812777519226
NDWFS_J142718.1+323854 0.9999574422836304 0.9857866764068604 0.9992395639419556
NDWFS_J142532.9+323116 0.9994076490402222 0.9112548828125 0.9948351383209229
NDWFS_J142511.1+324123 0.9992308616638184 0.9185343980789185 0.9941443800926208
NDWFS_J142713.0+322717 0.9999111890792847 0.9843457341194153 0.9988219141960144
NDWFS_J142706.5+322744 0.9996553659439087 0.9779356718063354 0.9978233575820923
NDWFS_J142602.3+322716 0.9941154718399048 0.9033496975898743 0.9935473799705505
NDWFS_J142518.3+322235 0.9998675584793091 0.9583117961883545 0.9990758895874023
NDWFS_J142507.1+322835 0.9999144077301025 0.9869465827941895 0.9994449019432068
NDWFS_J142441.8+332531 0.9969874024391174 0.9615927338600159 0.9969727993011475
NDWFS_J142708.6+331932 0.9996159076690674 0.9720660448074341 0.9993904829025269
NDWFS_J142706.2+332049 0.9999330043792725 0.9754466414451599 0.9995598196983337
NDWFS_J142611.4+332302 0.9969937801361084 0.8560607433319092 0.983391523361206
NDWFS_J142558.7+332548 0.9963177442550659 0.9160614013671875 0.9832733869552612
NDWFS_J142500.5+331811 0.984589159488678 0.8722680807113647 0.9706082344055176
NDWFS_J142442.6+331914 0.9997085928916931 0.9710664749145508 0.9977038502693176
NDWFS_J142507.1+332230 0.9996678829193115 0.970073401927948 0.9988415837287903
NDWFS_J142441.2+332747 0.9479808807373047 0.8288666605949402 0.6987206339836121
NDWFS_J142633.2+331357 0.9998737573623657 0.9629307985305786 0.9995737671852112
NDWFS_J142720.0+331510 0.8222100734710693 0.8014593124389648 0.9015657901763916
NDWFS_J142659.3+331750 0.9997252821922302 0.9371774792671204 0.9997044205665588
NDWFS_J142544.3+331350 0.9999046325683594 0.9730129241943359 0.9940022826194763
NDWFS_J142532.0+331644 0.9995738863945007 0.9655447006225586 0.9992307424545288
NDWFS_J142532.2+331500 0.9946572184562683 0.9563413262367249 0.9636170268058777
NDWFS_J142505.4+331335 0.9998227953910828 0.9731614589691162 0.9991708993911743
NDWFS_J142521.9+331440 0.9998981952667236 0.9808201193809509 0.9997671246528625
NDWFS_J142448.9+331659 0.999658465385437 0.9800745248794556 0.9996053576469421
NDWFS_J142630.6+330230 0.9998205304145813 0.9638524055480957 0.9984211921691895
NDWFS_J142717.4+330529 0.987929105758667 0.8383219242095947 0.9833588004112244
NDWFS_J142550.1+325953 0.9996527433395386 0.9715020060539246 0.996839165687561
NDWFS_J142549.4+330044 0.9997691512107849 0.9683187007904053 0.9979420304298401
NDWFS_J142556.1+330147 0.9988865256309509 0.9210731387138367 0.9889886975288391
NDWFS_J142502.4+325456 0.9984185695648193 0.9655824899673462 0.9980050921440125
NDWFS_J142437.6+325830 0.9998045563697815 0.9819996356964111 0.9988969564437866
NDWFS_J142452.9+325940 0.9991600513458252 0.968746542930603 0.9982119798660278
NDWFS_J142528.0+330025 0.9954303503036499 0.9583945274353027 0.9956795573234558
NDWFS_J142438.2+330254 0.9998342990875244 0.9780098795890808 0.9998038411140442
NDWFS_J142630.7+332901 0.9232738614082336 0.8513292670249939 0.8245685696601868
NDWFS_J142526.4+335113 0.9994058609008789 0.9866456389427185 0.9998043179512024
NDWFS_J142547.2+334454 0.9994565844535828 0.9619491100311279 0.9995055198669434
NDWFS_J142634.0+334954 0.9987626075744629 0.9302663803100586 0.9921316504478455
NDWFS_J142554.7+332906 0.9985272884368896 0.9633157849311829 0.9962002635002136
NDWFS_J142633.3+340441 0.9308764338493347 0.7464739680290222 0.8174992203712463
NDWFS_J142656.4+335444 0.999250590801239 0.9536232352256775 0.9977126121520996
NDWFS_J142609.3+335724 0.9997842907905579 0.972461998462677 0.9979802966117859
NDWFS_J142548.7+335854 0.999914288520813 0.9826481938362122 0.999315619468689
NDWFS_J142537.2+340156 0.9955523610115051 0.9421107769012451 0.9294923543930054
NDWFS_J142610.2+340224 0.9558812379837036 0.9386823177337646 0.9641639590263367
NDWFS_J142500.2+340154 0.9856666922569275 0.9603830575942993 0.9889134764671326
NDWFS_J142703.5+334442 0.9994171857833862 0.9770551919937134 0.9992761015892029
NDWFS_J142713.8+334807 0.9500775337219238 0.6797552108764648 0.8084412813186646
NDWFS_J142718.8+335005 0.9995971322059631 0.9724096059799194 0.9987916350364685
NDWFS_J142631.6+334429 0.9996557235717773 0.9781802892684937 0.9984791874885559
NDWFS_J142629.8+334649 0.9716916084289551 0.9266430735588074 0.897956371307373
NDWFS_J142539.8+334847 0.999819815158844 0.9783480763435364 0.9997807145118713
NDWFS_J142507.1+334141 0.9798363447189331 0.9646691679954529 0.9759983420372009
NDWFS_J142513.1+334206 0.9998030066490173 0.9680556654930115 0.9992701411247253
NDWFS_J142500.3+334642 0.9997629523277283 0.9693366289138794 0.9990538954734802
NDWFS_J142506.9+334728 0.999613344669342 0.9818416833877563 0.9969385862350464
NDWFS_J142531.6+334812 0.9519741535186768 0.8627368807792664 0.9870160818099976
NDWFS_J142527.6+334900 0.2511579990386963 0.4912707805633545 0.1734381467103958
NDWFS_J142512.4+335310 0.9985429048538208 0.9464341998100281 0.9983066320419312
NDWFS_J142526.2+335025 0.9951618313789368 0.9477006196975708 0.9560748338699341
NDWFS_J142507.2+335017 0.9998486042022705 0.9827715754508972 0.9986299276351929
NDWFS_J142521.5+335206 0.9998759031295776 0.9776856899261475 0.9988628625869751
NDWFS_J142642.6+333415 0.9996212720870972 0.965965211391449 0.9983515739440918
NDWFS_J142714.7+333807 0.9999316930770874 0.9776851534843445 0.9988180994987488
NDWFS_J142712.2+333851 0.9846861362457275 0.9139635562896729 0.9907605648040771
NDWFS_J142553.3+333515 0.9998242259025574 0.9740378856658936 0.9990851879119873
NDWFS_J142629.8+334008 0.9933225512504578 0.9650319814682007 0.9893747568130493
NDWFS_J142609.1+334009 0.9991912245750427 0.9530301094055176 0.9980955719947815
NDWFS_J142445.0+333907 0.9977237582206726 0.972044050693512 0.9961258769035339
NDWFS_J142533.9+340344 0.9939565658569336 0.9386714100837708 0.980798065662384
NDWFS_J142714.6+343154 0.9993162155151367 0.9719905853271484 0.9986955523490906
NDWFS_J142643.9+340937 0.9892972111701965 0.967513918876648 0.9960063099861145
NDWFS_J142620.0+340427 0.9998676776885986 0.9814886450767517 0.9995939135551453
NDWFS_J142729.8+341124 0.9999797344207764 0.9818857312202454 0.9998399019241333
NDWFS_J142453.4+340437 0.9999058246612549 0.980701744556427 0.9993410706520081
NDWFS_J142515.6+340526 0.9993305206298828 0.9547634720802307 0.9967893362045288
NDWFS_J142719.2+343906 0.9999496936798096 0.9866900444030762 0.9995385408401489
NDWFS_J142646.0+343003 0.9999557733535767 0.9832863807678223 0.9996625185012817
NDWFS_J142700.0+343138 0.9697209596633911 0.7689773440361023 0.9324741363525391
NDWFS_J142638.3+343345 0.9954375624656677 0.7290204763412476 0.9848939776420593
NDWFS_J142719.2+343508 0.994082510471344 0.9684440493583679 0.9844650626182556
NDWFS_J142546.5+343549 0.9221628904342651 0.6436598300933838 0.9146525859832764
NDWFS_J142442.9+343203 0.9994267225265503 0.9270349144935608 0.9978524446487427
NDWFS_J142650.5+342005 0.9915077686309814 0.9467702507972717 0.985099732875824
NDWFS_J142723.5+342709 0.995142936706543 0.9501833319664001 0.9967303276062012
NDWFS_J142616.2+341538 0.9996969699859619 0.9439323544502258 0.9986394047737122
NDWFS_J142635.7+342044 0.9985927939414978 0.8468656539916992 0.994175374507904
NDWFS_J142611.3+342325 0.9952846169471741 0.9171963334083557 0.9839725494384766
NDWFS_J142617.8+342714 0.9945830702781677 0.8233678936958313 0.9875685572624207
NDWFS_J142456.2+341513 0.9972134232521057 0.9419488310813904 0.9945506453514099
NDWFS_J142517.5+341608 0.9997125267982483 0.9491124749183655 0.9979842901229858
NDWFS_J142445.0+341626 0.9871702790260315 0.8958874344825745 0.9864257574081421
NDWFS_J142719.2+340417 0.9984114170074463 0.964817225933075 0.9990150928497314
NDWFS_J142637.4+340859 0.9998593330383301 0.9812377095222473 0.9996867179870605
NDWFS_J142639.3+340935 0.9800002574920654 0.8674893975257874 0.9621230959892273
NDWFS_J142557.4+340447 0.9992740750312805 0.9699230194091797 0.9965568780899048
NDWFS_J142630.4+341345 0.9967808723449707 0.9705321192741394 0.9953405857086182
NDWFS_J142535.9+341315 0.7854143977165222 0.5786953568458557 0.8383869528770447
NDWFS_J142444.1+340448 0.9995349645614624 0.9663894176483154 0.9971193075180054
NDWFS_J142516.7+340842 0.989788293838501 0.8093226552009583 0.90984708070755
NDWFS_J142520.0+341111 0.9999487400054932 0.9766760468482971 0.9993849992752075
NDWFS_J142448.7+341436 0.9661985039710999 0.8142126202583313 0.948412299156189
NDWFS_J142529.4+341316 0.9999719858169556 0.9816079139709473 0.9998049139976501
NDWFS_J142510.0+341335 0.9990691542625427 0.9816073179244995 0.9986804127693176
NDWFS_J142526.4+343856 0.9992509484291077 0.9601569175720215 0.9981834292411804
NDWFS_J142536.8+343733 0.9994519352912903 0.9722947478294373 0.9989392161369324
NDWFS_J142614.8+344433 0.9961330890655518 0.9689474105834961 0.9955119490623474
NDWFS_J142539.7+344959 0.9883594512939453 0.9188984036445618 0.9678290486335754
NDWFS_J142443.8+344832 0.9946768283843994 0.9611785411834717 0.9874337315559387
NDWFS_J142600.9+350252 0.007581968791782856 0.08724840730428696 0.02631484717130661
NDWFS_J142722.5+345225 0.9887391328811646 0.9429717659950256 0.9805185794830322
NDWFS_J142707.8+344748 0.9998997449874878 0.9777640104293823 0.9995311498641968
NDWFS_J142532.9+343910 0.999579131603241 0.9391323328018188 0.9969595670700073
NDWFS_J142458.8+351446 0.9996964931488037 0.9779630303382874 0.9958915710449219
NDWFS_J142717.3+350548 0.9996910095214844 0.9446695446968079 0.9958209991455078
NDWFS_J142708.7+350937 0.9997890591621399 0.9482622146606445 0.9914537668228149
NDWFS_J142637.2+351106 0.9992401599884033 0.955675482749939 0.9899889230728149
NDWFS_J142636.5+351224 0.9973024129867554 0.9613620638847351 0.995947539806366
NDWFS_J142712.0+351405 0.9999706745147705 0.9874513745307922 0.9998425245285034
NDWFS_J142628.0+350543 0.9999784231185913 0.981609046459198 0.9998288154602051
NDWFS_J142604.0+351025 0.992233395576477 0.9267112612724304 0.9673848152160645
NDWFS_J142554.4+351151 0.9997305274009705 0.9824790954589844 0.9997133612632751
NDWFS_J142616.1+351415 0.934442400932312 0.5811716914176941 0.8772613406181335
NDWFS_J142436.5+350358 0.999874472618103 0.9763903617858887 0.998772919178009
NDWFS_J142519.2+350508 0.9997826218605042 0.9755599498748779 0.9987770915031433
NDWFS_J142446.5+350735 0.9943682551383972 0.9015756845474243 0.9905291199684143
NDWFS_J142516.6+350803 0.9923036694526672 0.8555812239646912 0.9873513579368591
NDWFS_J142520.5+350902 0.9966092109680176 0.9588807225227356 0.9401687979698181
NDWFS_J142519.6+351119 0.9982380867004395 0.9687598943710327 0.9979856014251709
NDWFS_J142501.4+351306 0.987251877784729 0.8588736653327942 0.9855825901031494
NDWFS_J142518.4+351150 0.9935845732688904 0.978190541267395 0.9938287138938904
NDWFS_J142722.8+345127 0.0007190843462012708 0.08049201965332031 0.006777026224881411
NDWFS_J142714.2+345205 0.999924898147583 0.9748698472976685 0.9997302889823914
NDWFS_J142646.3+345253 0.9999159574508667 0.9709299802780151 0.9990445971488953
NDWFS_J142639.7+345320 0.9999016523361206 0.9667514562606812 0.999243974685669
NDWFS_J142701.5+345917 0.9995349645614624 0.9613900780677795 0.9914510846138
NDWFS_J142706.3+350026 0.9987651109695435 0.9768288731575012 0.9994713664054871
NDWFS_J142714.2+350215 0.9965416789054871 0.8445232510566711 0.9857856631278992
NDWFS_J142554.5+345220 0.9844670295715332 0.7966750264167786 0.9889689683914185
NDWFS_J142625.2+345233 0.9665637016296387 0.862331748008728 0.923832893371582
NDWFS_J142622.1+345238 0.9104611873626709 0.6247232556343079 0.9241642355918884
NDWFS_J142543.7+345236 0.9982795715332031 0.9723800420761108 0.9943302869796753
NDWFS_J142541.8+345248 0.9997389912605286 0.9688056111335754 0.9958440661430359
NDWFS_J142606.4+345718 0.9991445541381836 0.968358039855957 0.9805330038070679
NDWFS_J142602.6+345906 0.991176962852478 0.9545836448669434 0.9925512075424194
NDWFS_J142632.3+350154 0.8201543092727661 0.46315470337867737 0.7697796821594238
NDWFS_J142555.6+350044 0.9969989061355591 0.9534751772880554 0.9962263107299805
NDWFS_J142546.4+345956 0.954316258430481 0.8805539011955261 0.8350877165794373
NDWFS_J142533.8+345043 0.9997748732566833 0.9704118967056274 0.9996283054351807
NDWFS_J142448.8+345319 0.9994415640830994 0.971430242061615 0.9966026544570923
NDWFS_J142522.3+345454 0.9963188171386719 0.921432375907898 0.9949349761009216
NDWFS_J142527.8+345641 0.8205784559249878 0.35321444272994995 0.8095389008522034
NDWFS_J142455.7+345900 0.9994868040084839 0.9656152725219727 0.9989101886749268
NDWFS_J142440.9+345915 0.9969013929367065 0.8706957697868347 0.9761362075805664
NDWFS_J142651.6+344433 0.9996539354324341 0.9734724760055542 0.9969742298126221
NDWFS_J142700.2+344516 0.9998247027397156 0.9250752925872803 0.9994462132453918
NDWFS_J142710.0+344623 0.9991999268531799 0.9690148830413818 0.9977566599845886
NDWFS_J142637.8+344837 0.7768010497093201 0.5481986403465271 0.8981903195381165
NDWFS_J142603.6+344338 0.9978435039520264 0.9670900702476501 0.989666223526001
NDWFS_J142557.1+344429 0.9939291477203369 0.976787269115448 0.9961665272712708
NDWFS_J142605.8+344626 0.9998113512992859 0.9732402563095093 0.9996378421783447
NDWFS_J142630.4+344823 0.9989093542098999 0.9734656810760498 0.9960120916366577
NDWFS_J142440.6+344001 0.9834771752357483 0.9640499949455261 0.9947970509529114
NDWFS_J142517.4+344118 0.9949157238006592 0.8894661068916321 0.9905744194984436
NDWFS_J142526.3+344333 0.9956698417663574 0.9638679027557373 0.9954079985618591
NDWFS_J142515.3+345009 0.9981377124786377 0.9388511776924133 0.9917701482772827
NDWFS_J142505.9+344652 0.9995498061180115 0.9663971066474915 0.9974150657653809
NDWFS_J142544.1+343946 0.999758780002594 0.974619448184967 0.9997071623802185
NDWFS_J142445.9+354714 0.9251307249069214 0.8213035464286804 0.9091290235519409
NDWFS_J142447.3+351457 0.9986703395843506 0.9579132199287415 0.9984613656997681
NDWFS_J142658.8+353900 0.998264491558075 0.9412914514541626 0.9953790903091431
NDWFS_J142657.1+354524 0.9959684610366821 0.9648064374923706 0.9992108345031738
NDWFS_J142716.7+354847 0.9978680610656738 0.9653472304344177 0.9981216788291931
NDWFS_J142538.4+353918 0.9865818023681641 0.9619960188865662 0.9639949798583984
NDWFS_J142438.5+353852 0.9988824725151062 0.952545166015625 0.9976087808609009
NDWFS_J142456.3+354342 0.999813973903656 0.9693074822425842 0.9989564418792725
NDWFS_J142524.3+354506 0.9994465708732605 0.966555118560791 0.9994783997535706
NDWFS_J142503.2+354555 0.9988617897033691 0.9717036485671997 0.9992376565933228
NDWFS_J142523.5+354717 0.9761981964111328 0.7234770655632019 0.9850167036056519
NDWFS_J142712.9+353731 0.973270058631897 0.7641510367393494 0.9907280206680298
NDWFS_J142540.7+352635 0.998489260673523 0.9672410488128662 0.9938606023788452
NDWFS_J142539.4+352912 0.7686841487884521 0.8537931442260742 0.9156964421272278
NDWFS_J142532.9+353311 0.9992849230766296 0.9666222333908081 0.9989394545555115
NDWFS_J142553.2+353744 0.9981319308280945 0.9687638878822327 0.9967239499092102
NDWFS_J142527.6+352704 0.9994914531707764 0.9112092852592468 0.9934844374656677
NDWFS_J142527.2+352746 0.995649516582489 0.9513177871704102 0.9854775667190552
NDWFS_J142655.6+351508 0.9996665716171265 0.9741886854171753 0.9984228610992432
NDWFS_J142645.6+352047 0.9989588260650635 0.9614288210868835 0.997056245803833
NDWFS_J142542.4+351459 0.9990454316139221 0.980459988117218 0.9982571005821228
NDWFS_J142546.1+352210 0.8923134207725525 0.8522920608520508 0.8519428372383118
NDWFS_J142530.2+351555 0.04049266502261162 0.2940758168697357 0.10350015759468079
NDWFS_J142458.6+351612 0.999858021736145 0.9672229886054993 0.9992376565933228
NDWFS_J142442.7+351752 0.9975288510322571 0.918346643447876 0.994925856590271
NDWFS_J142441.0+351807 0.9996330738067627 0.9693965315818787 0.9979077577590942
NDWFS_J142819.6+325448 0.8126302361488342 0.8148650527000427 0.9221640229225159
NDWFS_J142843.3+330302 0.9988240599632263 0.9166058301925659 0.9916524291038513
NDWFS_J142735.0+325646 0.9970322847366333 0.956416666507721 0.9991338849067688
NDWFS_J143013.5+323737 0.7039626836776733 0.6389387845993042 0.7520464658737183
NDWFS_J142749.9+323734 0.9128004908561707 0.8998210430145264 0.5426505208015442
NDWFS_J142920.6+322732 0.40685275197029114 0.6368709802627563 0.47463327646255493
NDWFS_J142727.7+324432 0.9367998242378235 0.6627468466758728 0.9092735052108765
NDWFS_J142726.5+331450 0.4115615785121918 0.3971797227859497 0.31968674063682556
NDWFS_J143009.7+325800 0.9995552897453308 0.9816624522209167 0.9991782307624817
NDWFS_J142824.1+325552 0.9617534875869751 0.9607948064804077 0.9893767833709717
NDWFS_J142820.8+325614 0.9514428377151489 0.696134090423584 0.9669777154922485
NDWFS_J142739.3+325723 0.381467342376709 0.4964081048965454 0.4510224461555481
NDWFS_J142846.2+330818 0.9996024966239929 0.9711338877677917 0.9984270334243774
NDWFS_J142855.7+331937 0.9934334754943848 0.9666488766670227 0.9979973435401917
NDWFS_J142741.9+325448 0.6875314712524414 0.5116937160491943 0.43253347277641296
NDWFS_J142825.2+325925 0.0025363692548125982 0.011479029431939125 0.0011437268694862723
NDWFS_J142938.3+332149 0.9961571097373962 0.9103811383247375 0.946723222732544
NDWFS_J142827.4+332936 0.9999392032623291 0.9647641777992249 0.9995303153991699
NDWFS_J142824.3+331943 0.0022424976341426373 0.021684305742383003 0.0010747945634648204
NDWFS_J142824.3+331959 0.019626908004283905 0.021808015182614326 0.02177366055548191
NDWFS_J142728.7+332301 0.9993591904640198 0.9464340209960938 0.998191773891449
NDWFS_J142754.0+332712 0.996207594871521 0.9553765058517456 0.9968771934509277
NDWFS_J142738.8+332852 0.4329363703727722 0.7108036279678345 0.44179004430770874
NDWFS_J142918.2+331128 0.0069312360137701035 0.029082197695970535 0.00293581560254097
NDWFS_J143006.2+331756 0.801842212677002 0.6545683741569519 0.8124681115150452
NDWFS_J142919.3+331746 0.9985284805297852 0.8664993643760681 0.9852871894836426
NDWFS_J142836.0+331529 0.9937639832496643 0.7385047674179077 0.9446425437927246
NDWFS_J142852.7+331605 0.9999518394470215 0.9720633029937744 0.9994101524353027
NDWFS_J142750.7+330925 0.08154583722352982 0.43693169951438904 0.1215866282582283
NDWFS_J142813.0+331014 0.9998413324356079 0.9799995422363281 0.9996001124382019
NDWFS_J142751.0+331005 0.9803473949432373 0.4050730764865875 0.9790630340576172
NDWFS_J142756.7+331152 0.9865516424179077 0.9556455612182617 0.9711486101150513
NDWFS_J142803.6+331743 0.9987345337867737 0.9654257893562317 0.9948925971984863
NDWFS_J142757.1+325349 0.999561607837677 0.9606767296791077 0.9996635913848877
NDWFS_J142752.6+325730 0.5789207220077515 0.5599258542060852 0.8514603972434998
NDWFS_J142732.4+325737 0.9969542026519775 0.940240204334259 0.989777147769928
NDWFS_J142825.3+325822 4.806027573067695e-05 0.01004071719944477 0.00027206927188672125
NDWFS_J142734.8+325935 0.9731595516204834 0.8527017831802368 0.984036386013031
NDWFS_J142820.6+330012 0.9950337409973145 0.8829547762870789 0.9886759519577026
NDWFS_J142806.7+330029 0.9968873858451843 0.9624195098876953 0.9937599301338196
NDWFS_J142825.1+330154 0.0051421960815787315 0.12313728034496307 0.0017277826555073261
NDWFS_J142800.2+330408 0.9148590564727783 0.49062442779541016 0.7815249562263489
NDWFS_J142829.4+330235 0.8791404962539673 0.8970820307731628 0.8531429171562195
NDWFS_J142948.9+332830 0.999049723148346 0.971230149269104 0.9993359446525574
NDWFS_J142840.2+333007 0.828308641910553 0.8356454968452454 0.6947824954986572
NDWFS_J142923.2+335614 0.9524895548820496 0.7934227585792542 0.9625081419944763
NDWFS_J142944.5+335630 0.13730904459953308 0.42323145270347595 0.47902318835258484
NDWFS_J142959.4+340133 0.9998549222946167 0.974773108959198 0.9998354911804199
NDWFS_J142820.2+335423 0.7397993803024292 0.8230490684509277 0.7663459181785583
NDWFS_J142854.2+340011 0.999968409538269 0.9794033169746399 0.9998780488967896
NDWFS_J142742.4+335909 0.9678106307983398 0.768028974533081 0.9816036224365234
NDWFS_J142741.9+340454 0.9993395209312439 0.9821548461914062 0.9990690350532532
NDWFS_J142842.8+334255 0.9989951252937317 0.9653376936912537 0.9975742697715759
NDWFS_J142838.0+334301 0.9999761581420898 0.9791004061698914 0.9996115565299988
NDWFS_J142850.1+335044 0.2353827804327011 0.2261485606431961 0.37766632437705994
NDWFS_J142800.6+334228 0.9981478452682495 0.9647203087806702 0.9989007711410522
NDWFS_J142910.6+333144 0.9999270439147949 0.9796240329742432 0.9993970394134521
NDWFS_J142723.2+334023 0.9989413619041443 0.959754467010498 0.9989141225814819
NDWFS_J142909.4+342542 0.9961246848106384 0.8758231401443481 0.9787324070930481
NDWFS_J142906.2+341128 0.9882891178131104 0.9124897718429565 0.9881845712661743
NDWFS_J142753.7+341204 0.9907345771789551 0.8642522692680359 0.9882991313934326
NDWFS_J142735.3+342332 0.9995911717414856 0.962691068649292 0.9893777966499329
NDWFS_J142732.4+341213 0.999718964099884 0.9730053544044495 0.9979768395423889
NDWFS_J142755.6+340555 0.998516857624054 0.9810028076171875 0.9959851503372192
NDWFS_J142922.8+340457 0.9944155216217041 0.9041440486907959 0.9582985043525696
NDWFS_J142942.6+343234 0.9996503591537476 0.9567357301712036 0.9989062547683716
NDWFS_J142842.7+343331 0.9786369800567627 0.8638799786567688 0.6722145676612854
NDWFS_J142831.1+343752 0.9035093188285828 0.86179119348526 0.9835778474807739
NDWFS_J142737.8+342955 0.9997653365135193 0.9715141654014587 0.9990830421447754
NDWFS_J142814.0+343918 0.9991801381111145 0.9783458113670349 0.9994761347770691
NDWFS_J142930.5+341610 0.999553382396698 0.9628598093986511 0.9971158504486084
NDWFS_J142939.3+341753 0.9923301339149475 0.8582414388656616 0.9625558853149414
NDWFS_J142946.6+342406 0.9992710947990417 0.9644635915756226 0.9940808415412903
NDWFS_J142859.5+342207 0.9974141120910645 0.9557557702064514 0.9987861514091492
NDWFS_J142911.3+342525 0.9998040795326233 0.9692713022232056 0.9997182488441467
NDWFS_J142741.0+342041 0.9971007704734802 0.8704108595848083 0.9834191799163818
NDWFS_J142805.5+342232 0.27028656005859375 0.147195965051651 0.10275673866271973
NDWFS_J142824.9+342711 0.7443202137947083 0.7180544137954712 0.5906504988670349
NDWFS_J142928.9+341124 0.9998501539230347 0.9757904410362244 0.9996511936187744
NDWFS_J142939.8+341140 0.9991145730018616 0.9731531143188477 0.9984337687492371
NDWFS_J142928.7+341350 0.9998985528945923 0.9768993258476257 0.9992129802703857
NDWFS_J142958.9+341340 0.9932912588119507 0.8327370285987854 0.9782049059867859
NDWFS_J142842.9+340646 0.945559024810791 0.9271451234817505 0.9666797518730164
NDWFS_J142837.3+341236 0.08244206756353378 0.2778869569301605 0.16963018476963043
NDWFS_J142748.1+340704 0.9969940185546875 0.9653383493423462 0.9956902861595154
NDWFS_J142804.7+340804 0.027440929785370827 0.21963021159172058 0.36046910285949707
NDWFS_J142807.0+340852 0.997710108757019 0.9757996201515198 0.9899335503578186
NDWFS_J142754.8+341511 0.9990953207015991 0.9785054922103882 0.9973368048667908
NDWFS_J142952.0+343933 0.9996917247772217 0.9708211421966553 0.9977688789367676
NDWFS_J142905.9+344042 0.9856547713279724 0.987022340297699 0.9929392337799072
NDWFS_J142737.3+343856 0.9950763583183289 0.9479064345359802 0.9952074885368347
NDWFS_J143016.2+343318 0.9994955062866211 0.9678914546966553 0.9976771473884583
NDWFS_J142820.0+344658 0.9983137845993042 0.9654862284660339 0.9976783394813538
NDWFS_J142927.9+345905 0.9802213907241821 0.9741551876068115 0.9288109540939331
NDWFS_J142746.4+344545 0.999609649181366 0.9698930382728577 0.9977951049804688
NDWFS_J142802.7+350934 0.9931210875511169 0.9645846486091614 0.9941461086273193
NDWFS_J142729.2+350729 0.9992683529853821 0.9648911356925964 0.998320996761322
NDWFS_J142731.4+345022 0.9989425539970398 0.9615958333015442 0.9985141158103943
NDWFS_J142818.7+343947 0.9870476722717285 0.8744308352470398 0.9825004935264587
NDWFS_J142758.2+343755 0.14232659339904785 0.5795970559120178 0.07546618580818176
NDWFS_J143020.3+350756 0.9998893737792969 0.966370701789856 0.9988211989402771
NDWFS_J142939.5+350621 0.9999330043792725 0.9819248914718628 0.9997945427894592
NDWFS_J142949.1+350824 0.9997153878211975 0.9765753149986267 0.9988414645195007
NDWFS_J143005.4+350941 0.9353740215301514 0.8682080507278442 0.9326818585395813
NDWFS_J143019.8+351209 0.9981988072395325 0.9436171054840088 0.9952908754348755
NDWFS_J142835.3+350657 0.9899646639823914 0.8783581256866455 0.9314903616905212
NDWFS_J142847.2+350837 0.9981414079666138 0.9741384387016296 0.9976897239685059
NDWFS_J142824.7+350909 0.9995759129524231 0.9690392017364502 0.9991292357444763
NDWFS_J142832.3+351019 0.9995469450950623 0.96979820728302 0.9985284805297852
NDWFS_J142919.1+351058 0.993016242980957 0.928520917892456 0.9973616003990173
NDWFS_J142826.7+351142 0.9999163150787354 0.9753450155258179 0.9997313618659973
NDWFS_J142812.3+350352 0.9905017614364624 0.95757657289505 0.9853640198707581
NDWFS_J142739.8+350826 0.9998257756233215 0.9802907705307007 0.9994275569915771
NDWFS_J142803.7+351307 0.9288259744644165 0.7960128784179688 0.9235493540763855
NDWFS_J143001.6+345150 0.9995335340499878 0.9496244192123413 0.9993608593940735
NDWFS_J142956.0+345445 0.9976052045822144 0.9379220604896545 0.9974531531333923
NDWFS_J142925.3+350057 0.99988853931427 0.9789748191833496 0.9996285438537598
NDWFS_J142947.0+350021 0.970758318901062 0.828407883644104 0.9651674628257751
NDWFS_J142915.1+345234 0.9986553192138672 0.8744780421257019 0.996145486831665
NDWFS_J142841.4+345406 0.9735340476036072 0.6946663856506348 0.9572553038597107
NDWFS_J142900.9+345807 0.11468980461359024 0.28521496057510376 0.22202849388122559
NDWFS_J142829.8+350040 0.9989625215530396 0.9640299677848816 0.9992683529853821
NDWFS_J142909.7+345948 0.9994350075721741 0.9564775228500366 0.9969258904457092
NDWFS_J142756.2+345112 0.9998254179954529 0.9809762835502625 0.9988413453102112
NDWFS_J142822.8+345224 0.9995315074920654 0.9707076549530029 0.9973714351654053
NDWFS_J142810.1+345225 0.999913215637207 0.9747714400291443 0.9995741248130798
NDWFS_J142735.2+345502 0.9998795986175537 0.9653914570808411 0.9985062479972839
NDWFS_J142756.9+345704 0.09244349598884583 0.35778599977493286 0.028094137087464333
NDWFS_J142750.5+345724 0.9999110698699951 0.9803876876831055 0.9996795654296875
NDWFS_J142801.2+345932 0.999387264251709 0.9813071489334106 0.9996066689491272
NDWFS_J142953.3+345023 0.9982349872589111 0.9590836763381958 0.9987530708312988
NDWFS_J142844.2+344146 0.9997351765632629 0.9670892953872681 0.9988866448402405
NDWFS_J142834.9+344230 0.999270498752594 0.9552234411239624 0.9976274371147156
NDWFS_J142846.3+344613 0.9997424483299255 0.9793868660926819 0.9996321201324463
NDWFS_J142755.4+343942 0.9638012647628784 0.955349862575531 0.9926741719245911
NDWFS_J142746.1+344023 0.9878665208816528 0.9634813070297241 0.9874694347381592
NDWFS_J142800.3+344114 0.9337211847305298 0.9674006700515747 0.9750897288322449
NDWFS_J142743.8+344335 0.999964714050293 0.9722310900688171 0.9994661211967468
NDWFS_J142733.6+344612 0.9990014433860779 0.9648088812828064 0.9997127652168274
NDWFS_J142815.2+345046 0.9965824484825134 0.9680303335189819 0.9985800981521606
NDWFS_J142924.7+351422 0.9997414946556091 0.9790292978286743 0.9995585083961487
NDWFS_J142900.5+351435 0.9989821314811707 0.9582905173301697 0.997965931892395
NDWFS_J143004.8+353505 0.9974207878112793 0.9623196721076965 0.9964579939842224
NDWFS_J143007.0+353436 0.9998643398284912 0.9751347303390503 0.9998303651809692
NDWFS_J142855.1+353023 0.9998886585235596 0.9881321787834167 0.9997209906578064
NDWFS_J142929.2+354712 0.9999154806137085 0.9865261912345886 0.9999105930328369
NDWFS_J142906.5+352431 0.9997184872627258 0.970481276512146 0.997468113899231
NDWFS_J142758.6+354429 0.9988225102424622 0.9816182255744934 0.999258816242218
NDWFS_J142745.1+352949 0.9988478422164917 0.9775462746620178 0.9981328845024109
NDWFS_J142825.9+352114 0.9997822642326355 0.9762539863586426 0.9976623058319092
NDWFS_J142959.9+353927 0.9990853071212769 0.9653049111366272 0.9952329993247986
NDWFS_J142821.2+352001 0.9999403953552246 0.9853163361549377 0.9996861219406128
NDWFS_J142832.6+354105 0.9998629093170166 0.9853143692016602 0.9994730353355408
NDWFS_J142728.4+353038 0.9967340230941772 0.948492705821991 0.9889183640480042
NDWFS_J142730.0+353155 0.9994326233863831 0.9867788553237915 0.9998342990875244
NDWFS_J142945.6+351433 0.9994636178016663 0.9567590355873108 0.9962924122810364
NDWFS_J142807.9+351331 0.9999144077301025 0.9848239421844482 0.999783456325531
NDWFS_J143020.6+352921 0.9996453523635864 0.9773910045623779 0.9982244372367859
NDWFS_J142954.2+354023 0.9996544122695923 0.9750681519508362 0.9994543194770813
NDWFS_J142943.1+354134 0.9998528957366943 0.9796544909477234 0.999846339225769
NDWFS_J143005.5+354230 0.9891586303710938 0.8977838158607483 0.9192548990249634
NDWFS_J143002.0+354614 0.9932135343551636 0.8717276453971863 0.9892483949661255
NDWFS_J143015.8+354742 0.9997797608375549 0.9673506021499634 0.9959965944290161
NDWFS_J142925.2+354911 0.9999940395355225 0.9855543375015259 0.9999279975891113
NDWFS_J143007.2+354723 0.9999336004257202 0.9844501614570618 0.9995631575584412
NDWFS_J142835.2+353827 0.9991610050201416 0.9830160737037659 0.9997517466545105
NDWFS_J142912.8+354009 0.5013914108276367 0.33008870482444763 0.5393773317337036
NDWFS_J142911.7+354008 0.9999393224716187 0.9790351390838623 0.9993183612823486
NDWFS_J142914.0+354049 0.9998584985733032 0.9772567749023438 0.9995427131652832
NDWFS_J142904.0+354211 0.999849796295166 0.9837062358856201 0.9997784495353699
NDWFS_J142826.3+354314 0.9974804520606995 0.9243319034576416 0.9931374788284302
NDWFS_J142852.6+354351 0.9999537467956543 0.9826667904853821 0.9998158812522888
NDWFS_J142906.3+354420 0.8214722871780396 0.8898876905441284 0.9091406464576721
NDWFS_J142908.4+354452 0.9995502829551697 0.9795404672622681 0.9990981817245483
NDWFS_J142914.8+354521 0.9999417066574097 0.9819440841674805 0.99978107213974
NDWFS_J142921.2+354539 0.9992513060569763 0.9537913203239441 0.9967527985572815
NDWFS_J142853.7+354703 0.9994341731071472 0.9669232964515686 0.9990505576133728
NDWFS_J142800.6+353816 0.9996683597564697 0.9805732369422913 0.9991532564163208
NDWFS_J142758.0+354006 0.9995750784873962 0.9775462746620178 0.9998888969421387
NDWFS_J142727.6+354022 0.9997134804725647 0.9769818186759949 0.9997172951698303
NDWFS_J142813.1+354035 0.9996055960655212 0.9828659892082214 0.999744713306427
NDWFS_J142735.1+354226 0.969541072845459 0.768528938293457 0.9705473780632019
NDWFS_J142820.7+354257 0.9997362494468689 0.9621914029121399 0.9991421699523926
NDWFS_J142754.7+354343 0.9997918009757996 0.9852250218391418 0.999290943145752
NDWFS_J142759.3+354500 0.9691332578659058 0.842620313167572 0.9740666151046753
NDWFS_J142803.5+354627 0.9998866319656372 0.9842617511749268 0.9998648166656494
NDWFS_J142808.3+354807 0.9997668862342834 0.9834694862365723 0.9996953010559082
NDWFS_J142930.0+352549 0.8098555207252502 0.6848994493484497 0.3500348627567291
NDWFS_J143002.4+352712 0.9998465776443481 0.980270504951477 0.9996843338012695
NDWFS_J143015.0+352739 0.9995360374450684 0.9773892164230347 0.9990999698638916
NDWFS_J143006.5+352818 0.9990715980529785 0.9639518857002258 0.9967091083526611
NDWFS_J142952.4+352939 0.9999697208404541 0.9835968613624573 0.9996809959411621
NDWFS_J142949.7+353251 0.9994858503341675 0.981694757938385 0.9998557567596436
NDWFS_J142956.9+353353 0.9994997978210449 0.9765058159828186 0.9992257356643677
NDWFS_J143006.5+353358 0.9996256828308105 0.9636203646659851 0.9987905621528625
NDWFS_J143003.1+353452 0.9992496371269226 0.9815371632575989 0.9978391528129578
NDWFS_J142922.5+353605 0.9997453093528748 0.9698587656021118 0.9988372921943665
NDWFS_J142847.3+352844 0.999687910079956 0.9683421850204468 0.997331976890564
NDWFS_J142847.5+352944 0.9998061060905457 0.9801509380340576 0.9993718266487122
NDWFS_J142908.6+353003 0.9992274045944214 0.9324535131454468 0.9875468611717224
NDWFS_J142918.3+353117 0.9993789196014404 0.9671775102615356 0.9981240630149841
NDWFS_J142924.2+353308 0.9925783276557922 0.9047282934188843 0.9905933737754822
NDWFS_J142743.1+352726 0.9999630451202393 0.9831569790840149 0.9994924068450928
NDWFS_J142757.1+352931 0.9999616146087646 0.9861896634101868 0.9997884631156921
NDWFS_J142746.0+353048 0.9997120499610901 0.9823125004768372 0.9995487332344055
NDWFS_J142801.7+353122 0.9999123811721802 0.984184980392456 0.9998626708984375
NDWFS_J142753.0+353132 0.9999412298202515 0.9779067039489746 0.9987004995346069
NDWFS_J142819.0+353233 0.9998582601547241 0.9797152280807495 0.998429000377655
NDWFS_J142743.9+353245 0.9999738931655884 0.9759928584098816 0.9998252987861633
NDWFS_J142951.0+351503 0.9998207688331604 0.9769952297210693 0.9994816184043884
NDWFS_J142959.1+351731 0.9995177984237671 0.9564851522445679 0.9985224604606628
NDWFS_J142931.9+351748 0.9999362230300903 0.9778922200202942 0.9996215105056763
NDWFS_J143006.0+351959 0.9945108890533447 0.9597048163414001 0.9990963935852051
NDWFS_J143003.1+352036 0.9998258948326111 0.9671077132225037 0.9983495473861694
NDWFS_J142930.3+352121 0.9986324906349182 0.9207106828689575 0.9942662119865417
NDWFS_J142941.0+352256 0.9998611211776733 0.9782853126525879 0.99845290184021
NDWFS_J142934.9+352536 0.9999849796295166 0.9856942296028137 0.9998687505722046
NDWFS_J142934.9+352240 0.9999819993972778 0.9721323847770691 0.9995504021644592
NDWFS_J143013.3+352456 0.9999282360076904 0.9835636615753174 0.9998067021369934
NDWFS_J142935.1+352505 0.8374398946762085 0.588350772857666 0.6425794959068298
NDWFS_J142847.1+351621 0.9997842907905579 0.98117595911026 0.9969514608383179
NDWFS_J142918.3+351627 0.9996827840805054 0.9794981479644775 0.9994922876358032
NDWFS_J142917.6+351719 0.9999300241470337 0.9710069894790649 0.9982144832611084
NDWFS_J142911.8+351721 0.9936487078666687 0.9248983860015869 0.995995044708252
NDWFS_J142828.7+352050 0.9920667409896851 0.9443151354789734 0.9921228289604187
NDWFS_J142850.3+352421 0.9997376799583435 0.9776613116264343 0.9996451139450073
NDWFS_J142825.3+352241 0.9999631643295288 0.9866011738777161 0.9995173215866089
NDWFS_J142828.0+352440 0.9999758005142212 0.9796019792556763 0.999883770942688
NDWFS_J142817.8+351819 0.9969248175621033 0.8969448208808899 0.9924795627593994
NDWFS_J142821.4+351918 0.9975864887237549 0.9512733221054077 0.9875158071517944
NDWFS_J142800.8+351955 0.9997932314872742 0.9714925289154053 0.9984638690948486
NDWFS_J142759.3+352102 0.9998782873153687 0.9828426241874695 0.9994083642959595
NDWFS_J142824.4+352412 0.9996647834777832 0.9808257222175598 0.9994935989379883
NDWFS_J142759.8+352212 0.9833064675331116 0.9243559837341309 0.938051700592041
NDWFS_J142801.9+352416 0.9997937083244324 0.9787696599960327 0.9988941550254822
NDWFS_J142746.8+352322 0.9998107552528381 0.9834142327308655 0.9993277788162231
NDWFS_J143019.6+352043 0.9998682737350464 0.9682245850563049 0.9993465542793274
NDWFS_J143018.7+352354 0.9999171495437622 0.9831671118736267 0.9996004700660706
NDWFS_J143020.1+325019 0.1444285660982132 0.6679037809371948 0.08387279510498047
NDWFS_J143222.8+324944 0.9940485954284668 0.9208841323852539 0.9702544212341309
NDWFS_J143248.2+322512 0.9983130693435669 0.9420256018638611 0.988271176815033
NDWFS_J143253.3+322926 0.9782739281654358 0.8888821005821228 0.9955241680145264
NDWFS_J143248.8+322737 0.9993411898612976 0.9688633680343628 0.9988633394241333
NDWFS_J143135.7+322346 0.9998975992202759 0.9755309224128723 0.9991414546966553
NDWFS_J143019.1+323126 0.19163215160369873 0.41669702529907227 0.14947989583015442
NDWFS_J143132.9+332924 0.9945384860038757 0.874297022819519 0.9818634390830994
NDWFS_J143248.3+332342 0.995144248008728 0.957996666431427 0.9979175925254822
NDWFS_J143054.9+332329 0.9887135028839111 0.9680436253547668 0.9937062859535217
NDWFS_J143224.8+331625 0.9997926354408264 0.966870129108429 0.9966963529586792
NDWFS_J143200.6+330746 0.9649375081062317 0.8761510252952576 0.9385830163955688
NDWFS_J143152.3+330752 0.9999512434005737 0.9171504378318787 0.9998025298118591
NDWFS_J143241.9+330013 0.9996386766433716 0.945327877998352 0.9925482869148254
NDWFS_J143118.4+325859 0.8754370808601379 0.8384926915168762 0.8093584775924683
NDWFS_J143140.2+325948 0.9950534701347351 0.927534818649292 0.9681767821311951
NDWFS_J143124.6+330055 0.9976119995117188 0.9563127160072327 0.982410728931427
NDWFS_J143038.9+330208 0.8251957297325134 0.5383957624435425 0.7834044098854065
NDWFS_J143230.2+334105 0.9975009560585022 0.9502595067024231 0.9956757426261902
NDWFS_J143101.1+333028 0.9992640614509583 0.933695912361145 0.9973378777503967
NDWFS_J143258.5+335251 0.9999700784683228 0.9822486639022827 0.9998069405555725
NDWFS_J143223.7+335903 0.9996987581253052 0.9740899205207825 0.9965355396270752
NDWFS_J143113.0+335225 0.999972939491272 0.9817646145820618 0.9998292922973633
NDWFS_J143059.3+334110 0.9998229146003723 0.9852595329284668 0.998399555683136
NDWFS_J143044.4+334314 0.9791456460952759 0.9188758730888367 0.9796751737594604
NDWFS_J143054.5+334339 0.989498496055603 0.9755773544311523 0.9974501729011536
NDWFS_J143029.3+334519 0.9999278783798218 0.9742262363433838 0.9996765851974487
NDWFS_J143046.5+334613 0.9996436834335327 0.9817980527877808 0.9991555213928223
NDWFS_J143018.1+334754 0.992175281047821 0.917559027671814 0.988838791847229
NDWFS_J143149.0+332926 0.9998261332511902 0.9802289009094238 0.9995686411857605
NDWFS_J143202.2+333829 0.9997487664222717 0.9775930643081665 0.9983213543891907
NDWFS_J143138.3+333820 0.9997156262397766 0.9797732830047607 0.9990028738975525
NDWFS_J143055.6+340502 0.9999555349349976 0.9793781638145447 0.9995555281639099
NDWFS_J143207.2+343101 0.9963621497154236 0.9715717434883118 0.992797315120697
NDWFS_J143023.4+342806 0.9997866749763489 0.9796391725540161 0.9995830655097961
NDWFS_J143240.6+343049 0.9965221881866455 0.9308212995529175 0.9761244058609009
NDWFS_J143214.1+343832 0.07156076282262802 0.6885986924171448 0.0954989343881607
NDWFS_J143058.8+343426 0.18730562925338745 0.3322840929031372 0.04713980108499527
NDWFS_J143049.3+343545 0.9249371886253357 0.6162119507789612 0.9801185131072998
NDWFS_J143250.3+341709 0.9993547797203064 0.9717146754264832 0.9974384307861328
NDWFS_J143248.6+341834 0.9772990345954895 0.7876843810081482 0.9462985992431641
NDWFS_J143208.3+342603 0.5007754564285278 0.46112024784088135 0.6327592134475708
NDWFS_J143225.5+340847 0.43378642201423645 0.5228389501571655 0.8316224217414856
NDWFS_J143231.6+341339 0.9906981587409973 0.948684811592102 0.9972934126853943
NDWFS_J143122.7+340535 0.8424311280250549 0.601352334022522 0.668653666973114
NDWFS_J143135.6+341059 0.9962479472160339 0.947900116443634 0.9729791879653931
NDWFS_J143209.4+341131 0.9520910978317261 0.8654567003250122 0.6372112035751343
NDWFS_J143137.8+341446 0.8960263729095459 0.8594768047332764 0.9342259168624878
NDWFS_J143103.5+340641 0.9969220757484436 0.9559760689735413 0.9617336392402649
NDWFS_J143023.1+351010 0.9906995892524719 0.8180762529373169 0.9872263073921204
NDWFS_J143238.2+350850 0.06414488703012466 0.3746766149997711 0.212803915143013
NDWFS_J143221.5+350948 0.9977096319198608 0.9107585549354553 0.9978200197219849
NDWFS_J143236.5+350950 0.8913264870643616 0.6829334497451782 0.9462077617645264
NDWFS_J143310.5+351024 0.9982041120529175 0.8639386892318726 0.9889089465141296
NDWFS_J143259.0+351101 0.9960959553718567 0.9031492471694946 0.984818160533905
NDWFS_J143234.6+351112 0.6814004182815552 0.5034160017967224 0.7746381163597107
NDWFS_J143300.6+351152 0.9995108842849731 0.9208902716636658 0.9978093504905701
NDWFS_J143305.4+351316 0.9981314539909363 0.9582564830780029 0.9956660270690918
NDWFS_J143227.3+351401 0.969845175743103 0.866590678691864 0.9900273680686951
NDWFS_J143239.5+351406 0.9994181394577026 0.9622308015823364 0.994804322719574
NDWFS_J143238.9+352120 0.9962387084960938 0.9485874176025391 0.9908066391944885
NDWFS_J143134.9+350928 0.9896000623703003 0.8903853297233582 0.9458799362182617
NDWFS_J143154.6+350931 0.7693513035774231 0.5065184235572815 0.4011177718639374
NDWFS_J143202.5+350938 0.5376188158988953 0.7539854645729065 0.9278291463851929
NDWFS_J143149.1+351048 0.6255678534507751 0.8491083383560181 0.850235104560852
NDWFS_J143202.2+351049 0.9742266535758972 0.7887524366378784 0.9828014969825745
NDWFS_J143134.1+351115 0.23282137513160706 0.6993544101715088 0.4435632526874542
NDWFS_J143216.4+351119 0.46880990266799927 0.6188861131668091 0.8298040628433228
NDWFS_J143221.4+351127 0.09814666211605072 0.4577425420284271 0.11561958491802216
NDWFS_J143127.9+351205 0.9844043850898743 0.8281901478767395 0.9869917631149292
NDWFS_J143201.3+351327 0.8801090717315674 0.8233380913734436 0.7525053024291992
NDWFS_J143126.8+351602 0.1073732003569603 0.5526365637779236 0.029527822509407997
NDWFS_J143127.0+352115 0.9729567170143127 0.9555290937423706 0.9523219466209412
NDWFS_J143126.5+352005 0.9973564147949219 0.9674962162971497 0.9975064396858215
NDWFS_J143140.1+352130 0.9792196750640869 0.951324462890625 0.9267510175704956
NDWFS_J143034.5+350917 0.9887268543243408 0.9138357043266296 0.9890995621681213
NDWFS_J143053.5+350925 0.9634708166122437 0.8638777732849121 0.9679567217826843
NDWFS_J143041.8+350946 0.999340832233429 0.9499867558479309 0.9925436973571777
NDWFS_J143044.6+351137 0.9978848099708557 0.8852294683456421 0.9982839226722717
NDWFS_J143025.6+351144 0.0014490258181467652 0.08214301615953445 0.006997722201049328
NDWFS_J143037.7+351209 0.9626566171646118 0.9327352643013 0.9702773094177246
NDWFS_J143049.0+351508 0.9994363188743591 0.9685579538345337 0.9986377358436584
NDWFS_J143034.2+351948 0.9768998622894287 0.9430773258209229 0.9915409684181213
NDWFS_J143105.3+352043 0.9789578914642334 0.953882098197937 0.9901019334793091
NDWFS_J143225.2+345622 0.6808899641036987 0.40099331736564636 0.6288207173347473
NDWFS_J143144.3+345739 0.9998314380645752 0.9614793062210083 0.9995492100715637
NDWFS_J143127.0+350133 0.9999086856842041 0.9795296788215637 0.9994271993637085
NDWFS_J143122.5+350548 0.9470100998878479 0.7517433762550354 0.8900061845779419
NDWFS_J143210.6+350747 0.3826615810394287 0.08234795928001404 0.37582406401634216
NDWFS_J143104.2+345912 0.9805667996406555 0.9274610877037048 0.9460932612419128
NDWFS_J143119.4+345951 0.9986440539360046 0.9429693222045898 0.9921725988388062
NDWFS_J143049.3+350032 0.9999216794967651 0.9751111268997192 0.9989929795265198
NDWFS_J143046.7+350537 0.991229772567749 0.9625397324562073 0.993533730506897
NDWFS_J143057.5+350720 0.9999396800994873 0.9715642333030701 0.9999030828475952
NDWFS_J143303.6+343951 0.9661960601806641 0.9462350010871887 0.9526727199554443
NDWFS_J143222.9+344337 0.9993230104446411 0.9578108787536621 0.9970097541809082
NDWFS_J143234.1+345308 0.9994775652885437 0.9629841446876526 0.9983546137809753
NDWFS_J143201.2+344528 0.9996830224990845 0.9646095037460327 0.9981960654258728
NDWFS_J143143.4+345244 0.8390206098556519 0.8200544714927673 0.5243707299232483
NDWFS_J143048.5+344150 0.9994668364524841 0.9689150452613831 0.99836665391922
NDWFS_J143106.6+344430 0.9995811581611633 0.9528163075447083 0.9987455606460571
NDWFS_J143020.2+350140 0.9978333115577698 0.8776576519012451 0.9911870360374451
NDWFS_J143107.4+352048 0.9342020750045776 0.9482557773590088 0.981968104839325
NDWFS_J143023.7+353543 0.9999065399169922 0.9808915257453918 0.9996399879455566
NDWFS_J143053.5+352005 0.9997603297233582 0.9849263429641724 0.9950581789016724
NDWFS_J143141.2+352110 0.9993394017219543 0.9294609427452087 0.9980502128601074
NDWFS_J143203.8+351855 0.9993109703063965 0.9710174202919006 0.998369038105011
NDWFS_J143202.5+351904 0.99947589635849 0.9519424438476562 0.9904038906097412
NDWFS_J143153.0+351434 0.9976195693016052 0.9660632014274597 0.9732667207717896
NDWFS_J143055.0+352854 0.9898776412010193 0.9685645699501038 0.9989030361175537
NDWFS_J143057.6+354548 0.999618649482727 0.979225218296051 0.9997285008430481
NDWFS_J143302.8+354729 0.9993842840194702 0.970395565032959 0.9982174038887024
NDWFS_J143114.9+354146 0.9991552829742432 0.977893590927124 0.9994139671325684
NDWFS_J143236.8+351759 0.9996569156646729 0.9716230034828186 0.9994839429855347
NDWFS_J143128.2+352656 0.9998635053634644 0.9841682314872742 0.9996776580810547
NDWFS_J143232.5+351532 0.9981174468994141 0.95754474401474 0.9980224370956421
NDWFS_J143246.9+351604 0.8271813988685608 0.7432448863983154 0.9206749200820923
NDWFS_J143235.8+351742 0.9984825253486633 0.9010791182518005 0.9968112111091614
NDWFS_J143244.2+351842 0.9991870522499084 0.9612205028533936 0.99712735414505
NDWFS_J143221.6+351938 0.9938828945159912 0.9614578485488892 0.9936373233795166
NDWFS_J143243.7+352033 0.9900537729263306 0.862581729888916 0.9628651142120361
NDWFS_J143211.1+351511 0.9999202489852905 0.9674831628799438 0.9995251893997192
NDWFS_J143203.7+351657 0.9976045489311218 0.9528419375419617 0.9982784986495972
NDWFS_J143130.2+351710 0.9978747367858887 0.9598402380943298 0.9931465983390808
NDWFS_J143045.5+351445 0.9630533456802368 0.6325107216835022 0.9854323267936707
NDWFS_J143113.0+351744 0.9999301433563232 0.9819710850715637 0.999855637550354
NDWFS_J143100.4+351949 0.9315584301948547 0.8678434491157532 0.9611949920654297
NDWFS_J143248.0+351429 0.999882698059082 0.9811865091323853 0.9993042945861816
NDWFS_J143222.2+352054 0.9961767196655273 0.9278424978256226 0.9898972511291504
NDWFS_J143115.1+351709 0.99982088804245 0.9820236563682556 0.9997195601463318
NDWFS_J143149.1+352122 0.999953031539917 0.975176215171814 0.9998144507408142
NDWFS_J143130.4+352325 0.999135434627533 0.9709320068359375 0.9951708912849426
NDWFS_J143050.2+351506 0.9995972514152527 0.9679811596870422 0.9994370341300964
NDWFS_J143246.2+351431 0.9990229606628418 0.9761000871658325 0.9992554783821106
NDWFS_J143303.5+351440 0.9997856020927429 0.980670690536499 0.9997088313102722
NDWFS_J143227.8+351656 0.9998759031295776 0.980670690536499 0.9953488707542419
NDWFS_J143235.4+351653 0.9997817873954773 0.9842304587364197 0.9994198083877563
NDWFS_J143240.4+351741 0.9801403880119324 0.6464250683784485 0.9663015604019165
NDWFS_J143231.6+351755 0.9998512268066406 0.9808363914489746 0.9998635053634644
NDWFS_J143201.5+351418 0.9953232407569885 0.9649017453193665 0.9926988482475281
NDWFS_J143203.7+351603 0.9974835515022278 0.8719406723976135 0.9814862608909607
NDWFS_J143212.3+351648 0.9998297691345215 0.9694767594337463 0.9975443482398987
NDWFS_J143140.3+351722 0.998755931854248 0.8841474652290344 0.9931475520133972
NDWFS_J143133.5+351729 0.9865944385528564 0.9442794919013977 0.9625747799873352
NDWFS_J143217.1+351800 0.9966843724250793 0.9473544955253601 0.9964469075202942
NDWFS_J143140.9+351902 0.9990776777267456 0.9725270867347717 0.9992627501487732
NDWFS_J143134.6+351937 0.9832395911216736 0.6645450592041016 0.9897271990776062
NDWFS_J143144.8+351954 0.9996391534805298 0.9608145952224731 0.9986997842788696
NDWFS_J143129.0+352138 0.9992935657501221 0.9590904712677002 0.9955474138259888
NDWFS_J143209.6+352124 0.9997541308403015 0.9686341285705566 0.9982637763023376
NDWFS_J143128.1+352152 0.9980870485305786 0.9542872905731201 0.9958970546722412
NDWFS_J143050.5+351611 0.9926518797874451 0.9498057961463928 0.9937602877616882
NDWFS_J143104.2+351633 0.9992824196815491 0.9593315720558167 0.9942355751991272
NDWFS_J143054.1+351712 0.9949592351913452 0.9084417819976807 0.9491820335388184
NDWFS_J143057.8+351721 0.873773992061615 0.28891175985336304 0.8440586924552917
NDWFS_J143038.5+352046 0.9998936653137207 0.9793121814727783 0.9995668530464172
NDWFS_J143053.2+352130 0.9997456669807434 0.9598647952079773 0.9989499449729919
NDWFS_J143212.5+353807 0.9999288320541382 0.9776550531387329 0.9992393255233765
NDWFS_J143222.9+354005 0.9954728484153748 0.9748855233192444 0.9983660578727722
NDWFS_J143302.2+354310 0.9998080134391785 0.9722575545310974 0.9967791438102722
NDWFS_J143215.3+354459 0.999929666519165 0.9749563336372375 0.9997556805610657
NDWFS_J143233.1+354825 0.9268186688423157 0.8814892768859863 0.9186934232711792
NDWFS_J143138.2+353904 0.9999066591262817 0.9750467538833618 0.9998514652252197
NDWFS_J143211.8+353926 0.9998286962509155 0.976147472858429 0.9994295239448547
NDWFS_J143112.1+353932 0.9859798550605774 0.8651942014694214 0.9121679067611694
NDWFS_J143134.7+354011 0.9994305968284607 0.9660952687263489 0.999397873878479
NDWFS_J143136.8+354310 0.999767005443573 0.9772277474403381 0.9995197057723999
NDWFS_J143147.7+354549 0.9995410442352295 0.9842297434806824 0.9993846416473389
NDWFS_J143156.0+354740 0.9875646233558655 0.944669246673584 0.9713654518127441
NDWFS_J143154.9+354748 0.99859219789505 0.9676225185394287 0.9953954815864563
NDWFS_J143145.9+354713 0.9991928935050964 0.973703920841217 0.9886698722839355
NDWFS_J143049.6+353950 0.9997898936271667 0.9786208868026733 0.9996157884597778
NDWFS_J143029.1+354220 0.9998189806938171 0.9806910753250122 0.9996082186698914
NDWFS_J143037.6+354232 0.9925459027290344 0.945411741733551 0.9871879816055298
NDWFS_J143026.5+354522 0.999721348285675 0.9617751836776733 0.9879271388053894
NDWFS_J143043.4+354730 0.9995788931846619 0.9783028960227966 0.9971621036529541
NDWFS_J143216.3+352540 0.9999642372131348 0.9820231795310974 0.9997590184211731
NDWFS_J143257.2+352544 0.9998255372047424 0.9791903495788574 0.9997838139533997
NDWFS_J143221.1+352656 0.9996973276138306 0.9804190993309021 0.9994062185287476
NDWFS_J143227.5+353434 0.8391001224517822 0.43977826833724976 0.8298109769821167
NDWFS_J143127.8+352740 0.9967254400253296 0.9776437878608704 0.9963617920875549
NDWFS_J143116.0+352926 0.9942731261253357 0.9256499409675598 0.989666223526001
NDWFS_J143123.1+353000 0.9998321533203125 0.9736006855964661 0.9986697435379028
NDWFS_J143201.4+353025 0.9999369382858276 0.9859698414802551 0.9998620748519897
NDWFS_J143113.6+353508 0.9992566704750061 0.9761736989021301 0.9987829327583313
NDWFS_J143132.6+353504 0.9997225403785706 0.9859724044799805 0.9995918869972229
NDWFS_J143149.1+353457 0.49128004908561707 0.190946564078331 0.4268907904624939
NDWFS_J143119.4+353759 0.9994496703147888 0.9748109579086304 0.9859879612922668
NDWFS_J143102.1+352723 0.9998077750205994 0.9846774339675903 0.9998418092727661
NDWFS_J143037.0+352847 0.9966368675231934 0.916149377822876 0.996224045753479
NDWFS_J143104.9+352858 0.9998407363891602 0.9742230772972107 0.9998090863227844
NDWFS_J143026.8+352946 0.9994261264801025 0.9814785718917847 0.9990270137786865
NDWFS_J143051.3+353225 0.9985381364822388 0.9313327074050903 0.9957907795906067
NDWFS_J143057.9+353317 0.999946117401123 0.9841889142990112 0.9995560050010681
NDWFS_J143035.2+353321 0.9992660880088806 0.9738885164260864 0.9990358352661133
NDWFS_J143029.5+353352 0.9988043308258057 0.9837468266487122 0.9982367753982544
NDWFS_J143047.3+353656 0.9999282360076904 0.9782462120056152 0.9997578263282776
NDWFS_J143223.2+351405 0.9961196184158325 0.9780710339546204 0.9981325268745422
NDWFS_J143248.4+351729 0.9996050000190735 0.9819314479827881 0.9997548460960388
NDWFS_J143246.4+351727 0.9980996251106262 0.9790321588516235 0.996008038520813
NDWFS_J143236.2+351934 0.5506521463394165 0.5505729913711548 0.8565412759780884
NDWFS_J143217.3+351928 0.9954171180725098 0.9619808793067932 0.9957588315010071
NDWFS_J143228.3+352600 0.9928512573242188 0.7414994835853577 0.9730085134506226
NDWFS_J143253.5+352228 0.9998887777328491 0.9851478934288025 0.9996007084846497
NDWFS_J143237.1+352457 0.9996641874313354 0.976289689540863 0.9972890615463257
NDWFS_J143158.8+351536 0.9966360330581665 0.9257134795188904 0.9972547888755798
NDWFS_J143128.7+351938 0.9996620416641235 0.9811968207359314 0.9994906187057495
NDWFS_J143120.7+352045 0.9998548030853271 0.9680283069610596 0.9996256828308105
NDWFS_J143152.7+352325 0.9999315738677979 0.9784772992134094 0.9997168183326721
NDWFS_J143020.0+351655 0.9996427297592163 0.9805295467376709 0.9987930059432983
NDWFS_J143104.8+351937 0.9994093179702759 0.9720895886421204 0.9986101388931274
NDWFS_J143102.8+352042 0.9987170696258545 0.9551914930343628 0.998216450214386
NDWFS_J143059.4+352322 0.9878906011581421 0.952500581741333 0.9974972605705261
NDWFS_J143102.4+352434 0.9999027252197266 0.9802959561347961 0.9993281364440918
NDWFS_J143019.1+351725 0.9998414516448975 0.9710091352462769 0.9986862540245056
NDWFS_J143436.3+330406 0.993780791759491 0.9684607982635498 0.9986250400543213
NDWFS_J143541.0+332137 0.9955761432647705 0.8736518621444702 0.9863424897193909
NDWFS_J143432.1+332435 0.9903587698936462 0.925816535949707 0.9853726029396057
NDWFS_J143453.9+332725 0.99866783618927 0.9736843109130859 0.9960651993751526
NDWFS_J143330.1+332557 0.9978213310241699 0.9634039998054504 0.9990181922912598
NDWFS_J143456.1+331009 0.8825423121452332 0.6993581652641296 0.9725881814956665
NDWFS_J143550.1+331009 0.9988566637039185 0.881987452507019 0.9963829517364502
NDWFS_J143400.8+331107 0.999029278755188 0.9597172141075134 0.9990324974060059
NDWFS_J143322.9+331536 0.9976206421852112 0.9486004114151001 0.9796279668807983
NDWFS_J143328.1+331746 0.9998883008956909 0.9726132154464722 0.9995086193084717
NDWFS_J143517.6+325816 0.003268528962507844 0.23382671177387238 0.015429173596203327
NDWFS_J143455.1+330134 0.9967774748802185 0.9608587026596069 0.9970791339874268
NDWFS_J143457.6+330343 0.9828137159347534 0.8396700620651245 0.9446378350257874
NDWFS_J143506.6+330504 0.9706593751907349 0.8633619546890259 0.9587146043777466
NDWFS_J143431.7+325435 0.9773767590522766 0.707419216632843 0.87852543592453
NDWFS_J143416.8+325934 0.9989809393882751 0.9427791833877563 0.9908734560012817
NDWFS_J143304.1+325819 0.005956174340099096 0.04689135029911995 0.0026976410299539566
NDWFS_J143350.7+330518 0.9363699555397034 0.8642644882202148 0.9893897175788879
NDWFS_J143355.3+330253 0.999921441078186 0.9694610834121704 0.9997715353965759
NDWFS_J143317.7+330444 0.9675630331039429 0.900619626045227 0.9680745601654053
NDWFS_J143359.5+333035 0.9999794960021973 0.9796063303947449 0.9992604851722717
NDWFS_J143302.5+330201 0.7510348558425903 0.8363280892372131 0.5512942671775818
NDWFS_J143546.5+332926 0.9935698509216309 0.8928697109222412 0.9855454564094543
NDWFS_J143523.0+332942 0.9450681209564209 0.8737059235572815 0.9941139817237854
NDWFS_J143413.6+332944 0.9961645603179932 0.8840101957321167 0.9594087600708008
NDWFS_J143338.4+332934 0.9542434215545654 0.9324713349342346 0.9783036112785339
NDWFS_J143318.7+333009 0.9363114237785339 0.9030866026878357 0.9432020783424377
NDWFS_J143355.6+333114 0.9972086548805237 0.9349874258041382 0.9936206936836243
NDWFS_J143551.3+333420 0.9998538494110107 0.9817535281181335 0.9991831183433533
NDWFS_J143510.9+335542 0.9999213218688965 0.9740711450576782 0.9998644590377808
NDWFS_J143407.4+334140 0.9955638647079468 0.9209105968475342 0.9990378618240356
NDWFS_J143459.7+333747 0.9998531341552734 0.9740541577339172 0.9978678226470947
NDWFS_J143310.3+335057 0.9998481273651123 0.9790922403335571 0.998407781124115
NDWFS_J143416.4+333058 0.9991323351860046 0.9811722636222839 0.9983710646629333
NDWFS_J143527.5+335457 0.9999418258666992 0.9793515205383301 0.9995891451835632
NDWFS_J143524.7+335731 0.9919601082801819 0.9415475726127625 0.9944097399711609
NDWFS_J143543.8+335853 0.9985736608505249 0.9141413569450378 0.9805373549461365
NDWFS_J143519.2+335859 0.9999446868896484 0.9791697263717651 0.9992808699607849
NDWFS_J143537.8+340249 0.9999263286590576 0.9791722893714905 0.9994860887527466
NDWFS_J143551.7+340213 0.9941575527191162 0.898819625377655 0.996707558631897
NDWFS_J143449.5+335526 0.9999170303344727 0.9588533639907837 0.9972877502441406
NDWFS_J143406.2+335839 0.9998828172683716 0.9788908362388611 0.9993351101875305
NDWFS_J143405.3+335844 0.9977364540100098 0.9227039813995361 0.9954220652580261
NDWFS_J143440.8+335913 0.996975302696228 0.9755802750587463 0.9995442032814026
NDWFS_J143412.5+340234 0.9999539852142334 0.9627416729927063 0.9997758269309998
NDWFS_J143416.3+340233 0.9917954802513123 0.9773340821266174 0.9951989054679871
NDWFS_J143426.7+340241 0.9999833106994629 0.9827385544776917 0.9997124075889587
NDWFS_J143351.1+335318 0.9963892698287964 0.8864501714706421 0.9625563025474548
NDWFS_J143359.4+335625 0.9528478980064392 0.7377513647079468 0.8716867566108704
NDWFS_J143324.5+340003 0.9987868666648865 0.9733728766441345 0.9933297038078308
NDWFS_J143502.5+335003 0.07292330265045166 0.21865522861480713 0.03993743285536766
NDWFS_J143403.3+334220 0.4538968801498413 0.22927016019821167 0.669817328453064
NDWFS_J143413.4+334542 0.9935378432273865 0.8615912199020386 0.9732853174209595
NDWFS_J143457.3+334753 0.9996520280838013 0.979981005191803 0.9986050724983215
NDWFS_J143426.2+335045 0.9998210072517395 0.9335111975669861 0.998460054397583
NDWFS_J143429.9+334949 0.9557181596755981 0.9027782082557678 0.9104709029197693
NDWFS_J143431.5+335039 0.931430459022522 0.8982269763946533 0.9848426580429077
NDWFS_J143358.1+334144 0.9988808035850525 0.897231936454773 0.9861271381378174
NDWFS_J143340.0+334522 0.9990708827972412 0.9238344430923462 0.9981021285057068
NDWFS_J143351.2+334533 0.9999334812164307 0.9812620282173157 0.9989457726478577
NDWFS_J143316.4+334707 0.9999479055404663 0.984762966632843 0.9994361996650696
NDWFS_J143335.9+334819 0.11728242039680481 0.6034269332885742 0.21091844141483307
NDWFS_J143331.3+334850 0.9953287839889526 0.9776625037193298 0.9956510663032532
NDWFS_J143307.0+334905 0.9976162910461426 0.9267988204956055 0.9992146492004395
NDWFS_J143339.1+335141 0.844847559928894 0.9125757217407227 0.9520004391670227
NDWFS_J143314.4+335232 0.9984985589981079 0.9753398299217224 0.9954772591590881
NDWFS_J143317.0+335303 0.23523594439029694 0.43552497029304504 0.1204800009727478
NDWFS_J143523.0+333134 0.9945778846740723 0.9305277466773987 0.9811006784439087
NDWFS_J143500.5+333257 0.87725830078125 0.782138466835022 0.8627612590789795
NDWFS_J143533.6+333320 0.9979146122932434 0.9021033048629761 0.990955650806427
NDWFS_J143542.5+333530 0.999083399772644 0.9649696946144104 0.9994010925292969
NDWFS_J143530.9+334026 0.9996318817138672 0.980036199092865 0.99845290184021
NDWFS_J143400.3+333131 0.9995731711387634 0.9801653623580933 0.9986768364906311
NDWFS_J143445.6+333326 0.9993377327919006 0.96924889087677 0.9954439401626587
NDWFS_J143409.4+333634 0.863575279712677 0.6782376170158386 0.7258633375167847
NDWFS_J143408.5+333814 0.9971280694007874 0.9157224297523499 0.9983392953872681
NDWFS_J143420.3+333956 0.17132049798965454 0.7770130038261414 0.31103333830833435
NDWFS_J143439.6+333918 0.9997500777244568 0.9769291281700134 0.9980081915855408
NDWFS_J143310.7+333158 0.9997856020927429 0.9802093505859375 0.9995521903038025
NDWFS_J143310.3+333331 0.999890923500061 0.9816509485244751 0.9994311928749084
NDWFS_J143347.7+333328 0.9997683167457581 0.9769310355186462 0.998063862323761
NDWFS_J143312.5+333624 0.9998461008071899 0.9850639700889587 0.9991914629936218
NDWFS_J143356.6+333711 0.7777004241943359 0.7266852259635925 0.9551218748092651
NDWFS_J143307.0+334040 0.9936251640319824 0.8717670440673828 0.8897690176963806
NDWFS_J143502.3+340338 0.9717838168144226 0.8434156775474548 0.9488804340362549
NDWFS_J143342.4+340513 0.99944669008255 0.9671529531478882 0.9971357583999634
NDWFS_J143348.4+340333 0.9971576929092407 0.9640843868255615 0.9898781776428223
NDWFS_J143427.9+343145 0.9197437763214111 0.9107836484909058 0.48112407326698303
NDWFS_J143542.4+342034 0.9998759031295776 0.9761667847633362 0.9996175765991211
NDWFS_J143357.6+341718 0.6141215562820435 0.6958338618278503 0.7657419443130493
NDWFS_J143356.1+341745 0.99989914894104 0.9679475426673889 0.9998650550842285
NDWFS_J143335.7+342118 0.9967365860939026 0.9550080299377441 0.9917269945144653
NDWFS_J143454.8+340514 0.03339919075369835 0.16894391179084778 0.12889812886714935
NDWFS_J143426.5+340758 0.04496266320347786 0.36095502972602844 0.16253621876239777
NDWFS_J143401.2+340854 0.9998186230659485 0.970171332359314 0.9926788806915283
NDWFS_J143309.8+340556 0.8504146933555603 0.7955371141433716 0.8348285555839539
NDWFS_J143357.6+340716 0.9933149218559265 0.8819295763969421 0.9726921319961548
NDWFS_J143435.9+350709 0.9969593286514282 0.9007563591003418 0.9929353594779968
NDWFS_J143400.9+351230 0.7675348520278931 0.5653337240219116 0.7997613549232483
NDWFS_J143438.7+350419 0.9997299313545227 0.968811571598053 0.9981318116188049
NDWFS_J143335.7+344502 0.7929993271827698 0.4189522862434387 0.7641243934631348
NDWFS_J143339.5+343854 0.9851616621017456 0.6649866700172424 0.8106966018676758
NDWFS_J143511.8+350754 0.9998273253440857 0.9756433367729187 0.9978677034378052
NDWFS_J143431.0+350817 0.05157427117228508 0.18125957250595093 0.030878057703375816
NDWFS_J143455.6+350858 0.8880907893180847 0.9120914340019226 0.8298159837722778
NDWFS_J143431.4+350937 0.9992673993110657 0.9526000022888184 0.9961218237876892
NDWFS_J143350.0+350351 0.9991375207901001 0.9690924882888794 0.9983331561088562
NDWFS_J143316.3+350546 0.9940146803855896 0.9267310500144958 0.9821575880050659
NDWFS_J143525.5+350315 0.7867006659507751 0.8219946026802063 0.9342094659805298
NDWFS_J143343.4+350000 0.9839295148849487 0.6203073859214783 0.9302199482917786
NDWFS_J143510.6+344338 0.9994196891784668 0.9470310807228088 0.9981768131256104
NDWFS_J143532.6+345128 0.9998225569725037 0.9733253121376038 0.9995595812797546
NDWFS_J143454.1+344527 0.9994900226593018 0.9578874111175537 0.9952901601791382
NDWFS_J143417.2+344556 0.8718177676200867 0.7903193831443787 0.7972961664199829
NDWFS_J143337.6+344139 0.9994398951530457 0.963270366191864 0.9984126091003418
NDWFS_J143357.0+344357 0.9993785619735718 0.9465110898017883 0.9952030181884766
NDWFS_J143337.4+344401 0.1900773048400879 0.5352699756622314 0.26063400506973267
NDWFS_J143349.8+344402 0.9829363822937012 0.9565960764884949 0.9815059900283813
NDWFS_J143332.2+344639 0.6372098922729492 0.5004854202270508 0.6152297854423523
NDWFS_J143357.0+345113 0.6477236151695251 0.5899561047554016 0.9249594211578369
NDWFS_J143325.7+344941 0.9994537234306335 0.9796723127365112 0.999599277973175
NDWFS_J143314.1+351254 0.9505524039268494 0.8924745321273804 0.953026294708252
NDWFS_J143422.4+351534 0.9915067553520203 0.9106031060218811 0.9786076545715332
NDWFS_J143523.8+354932 0.9997584223747253 0.9531365036964417 0.9992746710777283
NDWFS_J143349.0+354157 0.97542405128479 0.7660669684410095 0.9134331941604614
NDWFS_J143605.2+352226 0.973994791507721 0.9549984335899353 0.9917784333229065
NDWFS_J143543.9+354914 0.07292654365301132 0.15409822762012482 0.0610991045832634
NDWFS_J143506.4+354831 0.9616326093673706 0.8884868621826172 0.9685037136077881
NDWFS_J143347.9+354741 0.9994605183601379 0.9370166659355164 0.9947850108146667
NDWFS_J143358.4+354909 0.999885082244873 0.9703464508056641 0.9989008903503418
NDWFS_J143433.8+352721 0.9739408493041992 0.9088991284370422 0.9811696410179138
NDWFS_J143415.7+353051 0.8348562717437744 0.6599205732345581 0.7476872801780701
NDWFS_J143456.9+353204 0.7458065152168274 0.6097798347473145 0.7846067547798157
NDWFS_J143512.3+353809 0.17663951218128204 0.36044952273368835 0.34206852316856384
NDWFS_J143330.2+352652 0.9809412360191345 0.8700608611106873 0.9900209903717041
NDWFS_J143314.4+352957 0.9997808337211609 0.960273027420044 0.9973242282867432
NDWFS_J143319.5+353201 0.9952720999717712 0.9700576066970825 0.9940977096557617
NDWFS_J143404.6+353632 0.9982255101203918 0.913518488407135 0.9956289529800415
NDWFS_J143542.5+352211 0.6794374585151672 0.872793972492218 0.876758873462677
NDWFS_J143537.9+352324 0.9998935461044312 0.9783726334571838 0.9995984435081482
NDWFS_J143522.0+352339 0.9900952577590942 0.906402051448822 0.9837862849235535
NDWFS_J143335.5+351736 0.9988172650337219 0.9793606400489807 0.9924396276473999
NDWFS_J143334.7+351746 0.9992057681083679 0.9715790748596191 0.9980741739273071
NDWFS_J143341.0+352221 0.9996052384376526 0.9820402264595032 0.9998420476913452
NDWFS_J143343.2+352230 0.9999610185623169 0.9779677987098694 0.9993335604667664
NDWFS_J143841.8+335324 0.9998719692230225 0.981084406375885 0.9985039234161377
NDWFS_J143706.6+335652 0.9999339580535889 0.9649438261985779 0.9994657635688782
NDWFS_J143833.2+340359 0.9998736381530762 0.9795602560043335 0.9996246099472046
NDWFS_J143552.5+335721 0.9663639068603516 0.7901865243911743 0.9886828064918518
NDWFS_J143554.7+340113 0.9648924469947815 0.8986808657646179 0.9828299880027771
NDWFS_J143722.3+335735 0.9980716109275818 0.939568042755127 0.9950674772262573
NDWFS_J143637.6+335835 0.9998823404312134 0.9763527512550354 0.9995602965354919
NDWFS_J143711.9+333426 0.9998641014099121 0.9784286618232727 0.9978164434432983
NDWFS_J143744.6+333813 0.9923368096351624 0.9479928016662598 0.9725542068481445
NDWFS_J143648.5+333748 0.9087121486663818 0.8233022093772888 0.8319461345672607
NDWFS_J143641.4+341509 0.9999203681945801 0.9708620309829712 0.9996309280395508
NDWFS_J143651.4+342108 0.28959137201309204 0.5337070822715759 0.8195362091064453
NDWFS_J143839.1+343458 0.9758830666542053 0.9346097111701965 0.9923825860023499
NDWFS_J143711.1+343404 0.8433498740196228 0.6901155710220337 0.9299612045288086
NDWFS_J143631.4+342926 0.9781917929649353 0.9138414859771729 0.9949953556060791
NDWFS_J143845.8+341810 0.9987896084785461 0.926621675491333 0.9971137046813965
NDWFS_J143655.7+342733 0.9970748424530029 0.9055394530296326 0.9943565726280212
NDWFS_J143622.5+341820 0.9999101161956787 0.9847530722618103 0.9999319314956665
NDWFS_J143809.6+340717 0.9993280172348022 0.9684107303619385 0.9986431002616882
NDWFS_J143811.7+341405 0.9905183911323547 0.9250002503395081 0.9904946088790894
NDWFS_J143712.4+341302 0.9999600648880005 0.9667118191719055 0.9998425245285034
NDWFS_J143710.3+341518 0.8450821042060852 0.7498104572296143 0.913131058216095
NDWFS_J143607.7+340652 0.9687038064002991 0.8680099844932556 0.9509131908416748
NDWFS_J143626.6+340748 0.9947546720504761 0.8948453664779663 0.99666827917099
NDWFS_J143617.3+341558 0.9988362193107605 0.9606519937515259 0.9972142577171326
NDWFS_J143601.6+341602 0.9996585845947266 0.9733535647392273 0.999011754989624
NDWFS_J143702.5+343930 0.9991899132728577 0.9674129486083984 0.9977207779884338
NDWFS_J143813.5+350339 0.9949018955230713 0.7846469283103943 0.9873326420783997
NDWFS_J143621.0+350611 0.9769657254219055 0.9139651656150818 0.9769964814186096
NDWFS_J143839.7+345738 0.08253490924835205 0.3173094391822815 0.024576464667916298
NDWFS_J143656.5+345633 0.9996950626373291 0.9617561101913452 0.9996358156204224
NDWFS_J143624.7+350252 0.9920055270195007 0.9039754867553711 0.9847527146339417
NDWFS_J143557.6+350009 0.9996030926704407 0.9851067066192627 0.998336911201477
NDWFS_J143835.7+353952 0.9887032508850098 0.9054957628250122 0.9852795600891113
NDWFS_J143720.7+353919 0.9999470710754395 0.9795279502868652 0.9998840093612671
NDWFS_J143704.0+354543 0.9802737236022949 0.8931729793548584 0.9735167622566223
NDWFS_J143706.8+354654 0.9650750756263733 0.8771006464958191 0.8333069682121277
NDWFS_J143632.0+353916 0.9988096952438354 0.919048011302948 0.998166561126709
NDWFS_J143619.9+353216 0.9999231100082397 0.9809637069702148 0.9998443126678467
NDWFS_J143835.4+352455 0.9988190531730652 0.8797613382339478 0.9870468378067017
NDWFS_J143619.6+352649 0.0031752476934343576 0.06856127083301544 0.007141112349927425
