# Names, Base_Model, xgboost_8_Model, xgboost_45_Model
NDWFS_J142530.4+321827 0.8738943338394165 0.8146268725395203 0.8195428848266602
NDWFS_J142603.8+324802 0.00011348017869750038 0.01338761392980814 0.0020621400326490402
NDWFS_J142704.8+322817 0.0006469541694968939 0.016318054869771004 0.0008894962957128882
NDWFS_J142519.4+323532 0.009879104793071747 0.0418652705848217 0.03898578882217407
NDWFS_J142723.5+324904 0.8234299421310425 0.8496660590171814 0.749980628490448
NDWFS_J142555.0+324317 0.2577005922794342 0.1981060653924942 0.5176706910133362
NDWFS_J142549.7+322148 0.9899821877479553 0.896402895450592 0.9944584369659424
NDWFS_J142458.6+323002 0.8556290864944458 0.6459544897079468 0.6674021482467651
NDWFS_J142438.3+323836 0.8411878347396851 0.7105598449707031 0.9131781458854675
NDWFS_J142626.1+324559 0.00041714272811077535 0.014138988219201565 0.000997656024992466
NDWFS_J142438.6+324058 0.0005472517805173993 0.019074328243732452 0.0018961040768772364
NDWFS_J142500.9+325500 0.015427411533892155 0.04438970610499382 0.01842781901359558
NDWFS_J142627.2+322045 0.0013282070867717266 0.016591310501098633 0.0058469995856285095
NDWFS_J142557.9+321931 0.0005095322849228978 0.013080021366477013 0.002495459746569395
NDWFS_J142538.4+322835 0.0018388701137155294 0.012431065551936626 0.0011186677729710937
NDWFS_J142723.2+324032 0.019624104723334312 0.05181209743022919 0.03659699484705925
NDWFS_J142503.5+324838 0.9828831553459167 0.9273921847343445 0.9824961423873901
NDWFS_J142502.7+323752 0.002618445549160242 0.011823171749711037 0.008011345751583576
NDWFS_J142616.4+324933 0.005174010526388884 0.0514320470392704 0.016354650259017944
NDWFS_J142446.5+322212 0.00023321212211158127 0.01122540608048439 0.0006340746767818928
NDWFS_J142726.8+323148 0.0001457192556699738 0.016234757378697395 0.0005330326966941357
NDWFS_J142602.2+322723 0.000210231970413588 0.028788074851036072 0.0013047545216977596
NDWFS_J142705.6+322134 0.024245310574769974 0.08449318259954453 0.05230149254202843
NDWFS_J142619.2+323238 0.00014106779417488724 0.013590936549007893 0.0013025692896917462
NDWFS_J142454.4+322905 0.15270362794399261 0.3233843445777893 0.2860550284385681
NDWFS_J142454.1+323953 0.9967526197433472 0.6912358999252319 0.9682602882385254
NDWFS_J142711.0+324734 0.98519366979599 0.7727388739585876 0.9447032809257507
NDWFS_J142623.3+324410 0.0001621898845769465 0.012092282995581627 0.0006997318705543876
NDWFS_J142510.4+321933 0.00014396346523426473 0.01644941046833992 0.000525268551427871
NDWFS_J142652.3+323935 0.0555933341383934 0.17107078433036804 0.16129055619239807
NDWFS_J142643.7+324105 0.01185346208512783 0.08969573676586151 0.004467858001589775
NDWFS_J142708.8+324842 0.00037055788561701775 0.01339256577193737 0.0011263340711593628
NDWFS_J142726.5+321835 0.0020141389686614275 0.03850213438272476 0.018056582659482956
NDWFS_J142609.9+322346 0.0002445611171424389 0.010089391842484474 0.0013151741586625576
NDWFS_J142524.6+323931 0.9987636804580688 0.9452168941497803 0.995815098285675
NDWFS_J142542.6+324103 0.5574215054512024 0.38268741965293884 0.14469026029109955
NDWFS_J142536.7+323247 4.820210233447142e-05 0.01089104637503624 0.0005104782758280635
NDWFS_J142522.9+324441 6.629440031247213e-05 0.016161149367690086 0.00040818474371917546
NDWFS_J142635.5+322053 0.00905957818031311 0.09375211596488953 0.002516666427254677
NDWFS_J142644.0+322150 0.0009286484564654529 0.05581297352910042 0.0010923544177785516
NDWFS_J142526.5+322702 0.0009003737359307706 0.014016760513186455 0.0034166944678872824
NDWFS_J142515.3+323028 0.00014498329255729914 0.012731257826089859 0.00161691231187433
NDWFS_J142706.1+322240 3.149629264953546e-05 0.010575796477496624 0.00021869885677006096
NDWFS_J142444.9+322619 0.00017196904809679836 0.012731252238154411 0.0011659652227535844
NDWFS_J142458.1+325125 0.5545744895935059 0.6881088614463806 0.8071680068969727
NDWFS_J142715.0+323602 0.9292632341384888 0.7334238886833191 0.8422218561172485
NDWFS_J142621.4+325010 0.0008186689228750765 0.01368037611246109 0.00022214400814846158
NDWFS_J142613.8+325036 0.0018038616981357336 0.01875034160912037 0.003954132087528706
NDWFS_J142603.0+322033 0.3242255747318268 0.3742406666278839 0.387053519487381
NDWFS_J142449.8+324156 0.16383923590183258 0.10923624783754349 0.024052264168858528
NDWFS_J142632.7+325000 0.0018144231289625168 0.018180228769779205 0.002106667496263981
NDWFS_J142518.6+324536 0.013095258735120296 0.04934827238321304 0.028391066938638687
NDWFS_J142457.6+323818 0.00028307500178925693 0.01779043674468994 0.007018100004643202
NDWFS_J142449.0+322244 0.9515675902366638 0.7714017033576965 0.9571775197982788
NDWFS_J142631.6+323919 0.0026112450286746025 0.03130939230322838 0.0036186962388455868
NDWFS_J142545.7+324815 0.0017690244130790234 0.030018705874681473 0.004603238310664892
NDWFS_J142529.1+325405 0.000641803489997983 0.03462834656238556 0.004202341660857201
NDWFS_J142638.9+324827 0.9987301230430603 0.8729527592658997 0.9887924790382385
NDWFS_J142648.4+324108 0.02338576689362526 0.14750514924526215 0.10914482921361923
NDWFS_J142656.0+324355 0.0908629521727562 0.13861364126205444 0.3302844166755676
NDWFS_J142715.9+324343 0.001977380597963929 0.013121722266077995 0.0008896568906493485
NDWFS_J142448.2+322636 0.00028674170607700944 0.01865430362522602 0.0007550151785835624
NDWFS_J142707.3+324225 0.2983638048171997 0.5075531601905823 0.4878920912742615
NDWFS_J142540.0+324954 0.2884005010128021 0.4546114206314087 0.060965508222579956
NDWFS_J142614.9+324227 0.8796396851539612 0.5555824041366577 0.7488918304443359
NDWFS_J142713.1+322706 0.001435968209989369 0.011770463548600674 0.002055872231721878
NDWFS_J142727.9+325327 0.01929524540901184 0.05440067872405052 0.059130631387233734
NDWFS_J142547.1+322420 0.00018704685498960316 0.01068827509880066 0.0015796325169503689
NDWFS_J142633.6+323432 0.0019867736846208572 0.03327465429902077 0.006757677067071199
NDWFS_J142636.8+325023 0.0008497300441376865 0.01851365901529789 0.0019333232194185257
NDWFS_J142534.9+322611 0.0006503412150777876 0.012533844448626041 0.0005281231133267283
NDWFS_J142455.8+324526 9.989668615162373e-05 0.011579000391066074 0.00047409514081664383
NDWFS_J142614.6+322217 0.01776159554719925 0.37518247961997986 0.03394418582320213
NDWFS_J142622.7+324555 0.00014495827781502157 0.011763615533709526 0.00014391336299013346
NDWFS_J142705.8+324925 0.03916998207569122 0.11262210458517075 0.009448202326893806
NDWFS_J142717.6+323651 6.710676825605333e-05 0.01328971702605486 0.0008118481491692364
NDWFS_J142601.7+321951 9.108059748541564e-05 0.013289385475218296 0.001472552539780736
NDWFS_J142547.2+325322 0.93963223695755 0.6027827262878418 0.9464861154556274
NDWFS_J142628.1+325218 0.4044925570487976 0.3944984972476959 0.500882625579834
NDWFS_J142459.7+325257 0.08327450603246689 0.3136182725429535 0.2902250289916992
NDWFS_J142530.6+324948 9.054351539816707e-05 0.00986787024885416 0.00041369805694557726
NDWFS_J142654.1+322639 0.00014646019553765655 0.013722570613026619 0.0005470202886499465
NDWFS_J142629.9+323537 0.004937776830047369 0.036980949342250824 0.0021264865063130856
NDWFS_J142712.4+322242 0.8920291066169739 0.7993767261505127 0.8980317711830139
NDWFS_J142550.7+322001 0.004885570611804724 0.018255243077874184 0.002806950593367219
NDWFS_J142714.6+325231 0.004866124130785465 0.028321968391537666 0.007798178121447563
NDWFS_J142547.0+324330 0.00024928408674895763 0.01255535613745451 0.00029189029010012746
NDWFS_J142615.3+324056 0.00010026831296272576 0.008956469595432281 0.0010061536449939013
NDWFS_J142534.5+323842 0.0058247786946594715 0.03327651694417 0.006846501026302576
NDWFS_J142701.3+324819 0.0005419824155978858 0.02184898965060711 0.0006160297198221087
NDWFS_J142614.7+323354 0.00018449407070875168 0.009835361503064632 0.000856856640893966
NDWFS_J142609.3+322431 0.0071975006721913815 0.10670024901628494 0.019093051552772522
NDWFS_J142523.1+322356 0.0008256221190094948 0.0312676765024662 0.0035704548936337233
NDWFS_J142558.3+322518 0.001895396620966494 0.01355521660298109 0.0035522542893886566
NDWFS_J142718.8+324756 0.027479933574795723 0.12045697122812271 0.12579768896102905
NDWFS_J142520.3+324347 0.00022151353186927736 0.021275939419865608 0.00043598577030934393
NDWFS_J142720.5+323339 0.0004617050872184336 0.010925010778009892 0.002028662245720625
NDWFS_J142618.1+324415 6.041190863470547e-05 0.013428033329546452 0.0005174396210350096
NDWFS_J142439.3+323408 0.0009167167590931058 0.0178684014827013 0.004627696704119444
NDWFS_J142655.3+325433 0.0009310477180406451 0.0321219302713871 0.011966966092586517
NDWFS_J142440.1+330447 0.6009613871574402 0.3187134861946106 0.6193393468856812
NDWFS_J142648.6+325511 0.0004675191594287753 0.011493171565234661 0.0006980154430493712
NDWFS_J142505.9+325546 4.3000800360459834e-05 0.013156400993466377 0.0002469781902618706
NDWFS_J142658.2+332553 0.0007914304733276367 0.028969628736376762 0.001611668849363923
NDWFS_J142707.4+332446 0.0003636115579865873 0.05294486880302429 0.007347151171416044
NDWFS_J142517.9+332447 0.00033770129084587097 0.008631360717117786 0.000558136438485235
NDWFS_J142515.1+330118 0.0001284339086851105 0.008631360717117786 0.0010762520832940936
NDWFS_J142651.6+330512 0.03447701781988144 0.2678757607936859 0.07153219729661942
NDWFS_J142651.2+331503 0.00010722310980781913 0.009859181009232998 0.0006939396844245493
NDWFS_J142642.5+325631 0.0006427951739169657 0.015162096358835697 0.0027317707426846027
NDWFS_J142509.0+330421 7.229218317661434e-05 0.010462211444973946 0.0003922419564332813
NDWFS_J142704.3+330151 0.0005984351737424731 0.010110667906701565 0.001866911887191236
NDWFS_J142543.0+332418 0.0013781787129119039 0.010110667906701565 0.0053847613744437695
NDWFS_J142711.7+331840 0.00033048525801859796 0.016470979899168015 0.00019891212286893278
NDWFS_J142615.6+332330 0.2147943526506424 0.3240845203399658 0.22347329556941986
NDWFS_J142701.1+332553 0.007667134050279856 0.2857704162597656 0.009557683952152729
NDWFS_J142454.3+332949 0.9911003708839417 0.9438875317573547 0.9981523156166077
NDWFS_J142504.2+331333 0.000266408285824582 0.011027255095541477 0.0018960284069180489
NDWFS_J142446.2+332054 0.00018182974599767476 0.011027326807379723 0.0022874551359564066
NDWFS_J142702.9+330929 0.40831515192985535 0.5729988217353821 0.24405191838741302
NDWFS_J142620.1+330011 0.0003852725785691291 0.008122269064188004 0.00199641240760684
NDWFS_J142618.9+325614 0.0004283454327378422 0.010517889633774757 0.0018702959641814232
NDWFS_J142601.9+332712 0.0004975946503691375 0.021014060825109482 0.0010846219956874847
NDWFS_J142539.5+332132 0.00033073333906941116 0.010518847033381462 0.0021671545691788197
NDWFS_J142616.3+331419 0.0009787597227841616 0.09439565241336823 0.004835126921534538
NDWFS_J142622.5+330132 0.00017641295562498271 0.009054853580892086 0.0007327225175686181
NDWFS_J142554.0+331357 0.00011274565622443333 0.01381376851350069 8.264093048637733e-05
NDWFS_J142639.4+325655 0.00035697914427146316 0.011545469053089619 0.0011916045332327485
NDWFS_J142540.1+332616 0.0002461166586726904 0.02712005190551281 0.0007804797496646643
NDWFS_J142711.4+330859 0.0002844439004547894 0.010377143509685993 0.0014974053483456373
NDWFS_J142710.3+332347 0.001149429241195321 0.045451097190380096 0.002144690603017807
NDWFS_J142604.8+330217 0.0006367246969603002 0.01074024848639965 0.0020389596465975046
NDWFS_J142440.5+332543 0.005794249475002289 0.07476146519184113 0.0030134720727801323
NDWFS_J142556.6+332530 0.003930662292987108 0.02298368141055107 0.009723570197820663
NDWFS_J142625.7+330142 0.0006030063377693295 0.009204158559441566 0.0030298393685370684
NDWFS_J142538.1+332044 9.022349695442244e-05 0.012093434110283852 0.0006521011237055063
NDWFS_J142717.1+331258 0.002551851561293006 0.05961836874485016 0.0066257137805223465
NDWFS_J142459.8+332037 0.00038508567376993597 0.01072369422763586 0.0025661697145551443
NDWFS_J142711.3+332901 0.001806289772503078 0.02952481620013714 0.007734414655715227
NDWFS_J142725.0+332256 0.029626350849866867 0.09782194346189499 0.03217983990907669
NDWFS_J142607.9+332013 0.00336909806355834 0.0565478652715683 0.009962026961147785
NDWFS_J142553.1+325500 0.0005122025031596422 0.02800861746072769 0.002754492685198784
NDWFS_J142455.6+330345 0.0031083745416253805 0.04060453549027443 0.0028643503319472075
NDWFS_J142647.9+330907 0.00018327969883102924 0.01281917467713356 0.0016894241562113166
NDWFS_J142528.4+331457 0.015549296513199806 0.3993266224861145 0.05449126288294792
NDWFS_J142530.9+330729 0.00043778069084510207 0.011424352414906025 0.0010610198369249701
NDWFS_J142632.7+332708 0.0003800633130595088 0.017374930903315544 0.0009504174813628197
NDWFS_J142557.0+332009 0.0010286459000781178 0.0533747598528862 0.0020616366527974606
NDWFS_J142634.2+330359 0.0016838087467476726 0.0160817950963974 0.0025813570246100426
NDWFS_J142539.5+330231 0.00013489151024259627 0.010156413540244102 0.0009153577848337591
NDWFS_J142500.7+331559 0.9020127058029175 0.762949526309967 0.9168809652328491
NDWFS_J142535.2+325637 0.992901086807251 0.848267138004303 0.9812915325164795
NDWFS_J142646.6+331709 0.00018627230019774288 0.009107868187129498 0.0002697531890589744
NDWFS_J142530.6+330254 0.0009198748739436269 0.014273036271333694 0.006497248075902462
NDWFS_J142613.5+325526 0.029777541756629944 0.03085477277636528 0.007543795742094517
NDWFS_J142634.3+332638 0.00010431036207592115 0.02818356640636921 0.0024245381355285645
NDWFS_J142604.4+331755 0.000534992606844753 0.014992591924965382 0.0027229422703385353
NDWFS_J142547.9+330953 0.0002679263998288661 0.021127765998244286 0.0017688374500721693
NDWFS_J142659.8+331757 0.0036242655478417873 0.011584381572902203 0.0020275407005101442
NDWFS_J142706.1+331015 0.7302538752555847 0.3693765103816986 0.6128681302070618
NDWFS_J142554.5+331924 0.002540036803111434 0.03916929289698601 0.007994413375854492
NDWFS_J142548.9+331917 0.32284167408943176 0.027584221214056015 0.0916001945734024
NDWFS_J142718.0+330528 0.34304627776145935 0.43694379925727844 0.07273372262716293
NDWFS_J142717.2+330838 0.560637891292572 0.5117473006248474 0.5125448703765869
NDWFS_J142442.0+330333 8.908245945349336e-05 0.009438492357730865 0.0004498607886489481
NDWFS_J142458.2+332348 0.0005292001878842711 0.011256235651671886 0.0008635711274109781
NDWFS_J142715.1+325912 0.03362450376152992 0.3498205840587616 0.05647876113653183
NDWFS_J142702.2+335806 0.007391747087240219 0.2425522655248642 0.07736670225858688
NDWFS_J142551.9+340013 0.2019505649805069 0.5649356245994568 0.24076533317565918
NDWFS_J142606.8+334317 0.01171932928264141 0.1511237770318985 0.022257495671510696
NDWFS_J142535.7+333633 0.13652120530605316 0.8126912713050842 0.4131412208080292
NDWFS_J142719.4+340230 0.00015560131578240544 0.012366056442260742 0.00020923512056469917
NDWFS_J142612.8+335417 0.0006667560082860291 0.011531409807503223 0.001612648949958384
NDWFS_J142539.7+333001 0.9383640885353088 0.5542803406715393 0.7691543698310852
NDWFS_J142623.4+340229 0.48361736536026 0.11181368678808212 0.26456066966056824
NDWFS_J142501.0+335239 0.0006930830422788858 0.012282232753932476 0.0036789686419069767
NDWFS_J142525.2+333916 0.0006339843384921551 0.013360005803406239 0.001155609032139182
NDWFS_J142630.6+334547 3.870695945806801e-05 0.027520908042788506 7.227183959912509e-05
NDWFS_J142618.7+333505 7.992290920810774e-05 0.011028299108147621 0.000579624145757407
NDWFS_J142454.1+334116 0.0002699010947253555 0.03255940601229668 0.005989160388708115
NDWFS_J142515.4+333524 0.8119992017745972 0.6822949647903442 0.4265941083431244
NDWFS_J142546.9+335121 0.00026624754536896944 0.02467312663793564 0.0007816799916327
NDWFS_J142732.2+340006 0.004013370256870985 0.020513398572802544 0.004081445280462503
NDWFS_J142519.3+334258 0.9730298519134521 0.5712544918060303 0.4508824348449707
NDWFS_J142708.7+334020 0.0002755648165475577 0.0234783124178648 0.0016028914833441377
NDWFS_J142524.8+335539 0.0001059305141097866 0.01169621106237173 0.0002486832672730088
NDWFS_J142537.3+335938 8.471962792100385e-05 0.012193783186376095 0.001565451268106699
NDWFS_J142523.3+335852 0.03055889718234539 0.24080932140350342 0.010288204066455364
NDWFS_J142626.3+335510 0.0004399396129883826 0.01361966971307993 0.0034778935369104147
NDWFS_J142641.5+340108 0.0008646402857266366 0.012394595891237259 0.003486951580271125
NDWFS_J142719.1+335551 0.00011755578452721238 0.02177702635526657 0.00026940464158542454
NDWFS_J142622.4+334216 0.0004224023432470858 0.012817691080272198 0.0006841133581474423
NDWFS_J142715.0+333609 0.00025257174274884164 0.01150846853852272 0.00032576019293628633
NDWFS_J142455.9+334003 0.0003256065247114748 0.027251651510596275 0.000652258051559329
NDWFS_J142445.6+333541 7.048195402603596e-05 0.012393913231790066 0.00047646660823374987
NDWFS_J142647.0+335249 0.6183835864067078 0.41809457540512085 0.24516792595386505
NDWFS_J142702.9+333745 0.00033097239793278277 0.015443354845046997 0.0037478681188076735
NDWFS_J142522.5+335351 0.00024001022393349558 0.011881481856107712 0.000532833335455507
NDWFS_J142626.0+340257 0.0004929539863951504 0.011881481856107712 0.0008174435351975262
NDWFS_J142638.2+335138 0.00011769273260142654 0.02225762978196144 0.001627192716114223
NDWFS_J142717.8+340532 0.0019327382324263453 0.1889095902442932 0.02871280163526535
NDWFS_J142548.2+335037 0.002503208350390196 0.03144589066505432 0.02084285579621792
NDWFS_J142657.7+334927 0.033695392310619354 0.1385500431060791 0.10419261455535889
NDWFS_J142714.0+340158 0.11748961359262466 0.2752188444137573 0.07108158618211746
NDWFS_J142702.5+335641 0.002805269556120038 0.1657964438199997 0.01679203100502491
NDWFS_J142706.4+334007 0.00043362053111195564 0.019871776923537254 0.00034457698347978294
NDWFS_J142718.5+333634 0.0006934967241249979 0.012967878021299839 0.004157066810876131
NDWFS_J142508.3+334404 0.0004087725537829101 0.027481336146593094 0.001283070188947022
NDWFS_J142601.1+333206 0.1086948961019516 0.2204754799604416 0.13758732378482819
NDWFS_J142450.5+335323 0.0006377702229656279 0.02998998574912548 0.0017320604529231787
NDWFS_J142553.9+333401 0.025271302089095116 0.5581597089767456 0.1622854322195053
NDWFS_J142440.7+334938 0.0011353661539033055 0.015567664988338947 0.0012647772673517466
NDWFS_J142527.4+335047 0.0038572484627366066 0.04465584456920624 0.0185064896941185
NDWFS_J142512.6+333152 0.0009230583673343062 0.012565960176289082 0.0004958140198141336
NDWFS_J142500.9+334017 0.001827998785302043 0.027010666206479073 0.0035441601648926735
NDWFS_J142543.8+335332 0.9995900988578796 0.9351497292518616 0.996356725692749
NDWFS_J142631.6+333002 0.001190022798255086 0.07729462534189224 0.0021659033372998238
NDWFS_J142628.7+333007 0.002962701953947544 0.023052997887134552 0.0035137964878231287
NDWFS_J142548.7+334126 0.0037042160984128714 0.014643150381743908 0.0015284445835277438
NDWFS_J142653.3+335754 3.832379661616869e-05 0.01228683814406395 0.00024615725851617754
NDWFS_J142506.3+333106 0.00036111363442614675 0.011967073194682598 0.0027592030819505453
NDWFS_J142518.4+333626 0.0002091411588480696 0.021316047757864 0.003981452900916338
NDWFS_J142508.8+333146 0.003812262322753668 0.02732035517692566 0.01109237875789404
NDWFS_J142717.3+332913 0.9965922236442566 0.9281284809112549 0.9913855791091919
NDWFS_J142517.8+334830 0.025258416309952736 0.12615741789340973 0.048280443996191025
NDWFS_J142450.3+334510 0.002602500608190894 0.010006198659539223 0.0014183423481881618
NDWFS_J142707.4+333539 0.0007734523969702423 0.03395881503820419 0.003535148687660694
NDWFS_J142517.3+340036 0.0011495195794850588 0.02572609856724739 0.0010192177724093199
NDWFS_J142540.9+340001 0.0026066317223012447 0.02326720952987671 0.0007807129877619445
NDWFS_J142447.0+334819 0.006261405069380999 0.20002658665180206 0.011472543701529503
NDWFS_J142606.7+333604 0.0029553333297371864 0.015759356319904327 0.003342104610055685
NDWFS_J142716.9+335035 0.22212642431259155 0.22018256783485413 0.17805488407611847
NDWFS_J142458.5+340451 5.644397242576815e-05 0.016377272084355354 0.0005804188549518585
NDWFS_J142600.3+333552 0.006993922870606184 0.1477813869714737 0.011618107557296753
NDWFS_J142454.6+333559 0.0001513855386292562 0.023425184190273285 0.0012560999020934105
NDWFS_J142450.2+335459 0.00031822550226934254 0.011006161570549011 0.0004029099945910275
NDWFS_J142700.9+335427 0.0002482424024492502 0.011704317294061184 0.004630452021956444
NDWFS_J142724.7+334720 0.9998719692230225 0.9019763469696045 0.9986565113067627
NDWFS_J142727.9+340014 0.005137407220900059 0.015526079572737217 0.003008452011272311
NDWFS_J142453.2+335029 0.0015134167624637485 0.013577161356806755 0.0033973774407058954
NDWFS_J142545.9+335845 0.0016993830213323236 0.034821078181266785 0.0011205652263015509
NDWFS_J142445.3+334811 0.00023406351101584733 0.011591978371143341 0.0007183011039160192
NDWFS_J142454.4+335456 0.017948105931282043 0.09475988149642944 0.010485043749213219
NDWFS_J142708.5+334332 0.002051694318652153 0.07653691619634628 0.0023760837502777576
NDWFS_J142559.4+333534 0.00015864452871028334 0.01068174745887518 0.0005241549806669354
NDWFS_J142541.6+333658 0.0008047796436585486 0.011195098981261253 0.00030457263346761465
NDWFS_J142628.1+335059 0.000421141303377226 0.010683935135602951 0.000900105747859925
NDWFS_J142502.2+334645 8.592457743361592e-05 0.010684146545827389 0.00025264325086027384
NDWFS_J142603.9+334631 0.9059835076332092 0.7911585569381714 0.6544573307037354
NDWFS_J142734.1+340226 0.00024309282889589667 0.015964139252901077 0.0036551826633512974
NDWFS_J142624.0+335504 0.0001580354874022305 0.010653124190866947 0.0005918928072787821
NDWFS_J142702.2+335614 0.0005769528215751052 0.015613571740686893 0.0010031602578237653
NDWFS_J142553.7+340049 0.02529836818575859 0.0551270991563797 0.05715390294790268
NDWFS_J142532.2+340008 0.0008505283622071147 0.020251242443919182 0.005997349973767996
NDWFS_J142557.6+335757 0.2807006537914276 0.09872930496931076 0.3096875846385956
NDWFS_J142724.6+335907 0.0003287766594439745 0.011350690387189388 0.0007398810121230781
NDWFS_J142640.0+335528 6.212610605871305e-05 0.011350690387189388 0.0005278090829961002
NDWFS_J142633.4+334811 0.010421420447528362 0.3981684744358063 0.01588497683405876
NDWFS_J142732.3+340323 0.04326968267560005 0.20408795773983002 0.11452087014913559
NDWFS_J142541.2+340941 0.0019938205368816853 0.010777163319289684 0.0009597487514838576
NDWFS_J142708.2+344028 0.0002656088618095964 0.01062309741973877 0.00136944733094424
NDWFS_J142644.4+341613 0.0005482330452650785 0.012971986085176468 0.001187885645776987
NDWFS_J142511.4+341719 0.0032082349061965942 0.03467119485139847 0.0428055040538311
NDWFS_J142725.4+343153 0.07052040845155716 0.014804020524024963 0.010866130702197552
NDWFS_J142500.5+343729 0.10016895085573196 0.07747595012187958 0.41217848658561707
NDWFS_J142511.6+342913 0.00015086517669260502 0.013157169334590435 0.0016535618342459202
NDWFS_J142502.1+343453 0.0022841980680823326 0.030402446165680885 0.002568734111264348
NDWFS_J142503.9+343054 0.0030639413744211197 0.05754522606730461 0.009187090210616589
NDWFS_J142646.3+340421 0.0008274540305137634 0.013121092692017555 0.0012213331647217274
NDWFS_J142705.6+343109 6.443686288548633e-05 0.009844356216490269 0.00041295200935564935
NDWFS_J142714.5+341348 0.050100527703762054 0.02798318676650524 0.003830285044386983
NDWFS_J142613.1+342133 0.9988381266593933 0.9546939134597778 0.9929361939430237
NDWFS_J142644.4+343324 0.23735623061656952 0.5547788739204407 0.2758486568927765
NDWFS_J142444.5+342058 0.010475682094693184 0.014970616437494755 0.001699041691608727
NDWFS_J142701.9+341900 0.0005488081369549036 0.010526697151362896 0.0009907976491376758
NDWFS_J142613.8+343618 0.00048619098379276693 0.05813347175717354 0.003985829185694456
NDWFS_J142531.0+340941 0.0007607409497722983 0.06401338428258896 0.0081013860180974
NDWFS_J142541.6+341332 0.21600615978240967 0.13459855318069458 0.049741119146347046
NDWFS_J142558.1+340626 9.749834862304851e-05 0.010175928473472595 0.0003365789307281375
NDWFS_J142702.4+342143 0.8218567371368408 0.7774214148521423 0.9372214674949646
NDWFS_J142542.2+340514 0.9965378046035767 0.9403536319732666 0.9788787364959717
NDWFS_J142437.9+341606 0.0006645036628469825 0.014824021607637405 0.0036011470947414637
NDWFS_J142557.5+340722 0.000306423578877002 0.01347716711461544 0.001203643623739481
NDWFS_J142708.6+342404 0.00032975448993965983 0.028995949774980545 0.0014690294628962874
NDWFS_J142624.0+341615 0.0004735030233860016 0.009610427543520927 0.0005819751531817019
NDWFS_J142529.2+341818 0.9991281628608704 0.9439455270767212 0.9932889342308044
NDWFS_J142532.4+341528 0.00014962894783820957 0.008001548238098621 0.0005144603201188147
NDWFS_J142549.9+341420 0.00014785256644245237 0.019750196486711502 0.0016276955138891935
NDWFS_J142640.5+342245 0.000978125841356814 0.014663861133158207 0.00316784274764359
NDWFS_J142440.7+342223 0.00017509791359771043 0.010159826837480068 0.0006413876544684172
NDWFS_J142530.1+340429 0.00046109044342301786 0.008000132627785206 0.0008389768772758543
NDWFS_J142533.9+340828 0.00043190582073293626 0.01978796161711216 0.00251594721339643
NDWFS_J142544.6+342708 0.00021357696095947176 0.013842600397765636 0.0016176122007891536
NDWFS_J142644.1+343529 0.9998533725738525 0.981626033782959 0.9999185800552368
NDWFS_J142630.7+340502 0.0023930624593049288 0.05640147626399994 0.008829413913190365
NDWFS_J142505.8+342850 0.0029680663719773293 0.01204566191881895 0.0014968763571232557
NDWFS_J142716.2+342752 0.03002762980759144 0.06899107992649078 0.04337957128882408
NDWFS_J142711.3+342055 0.0003894820692948997 0.01466281432658434 0.0066323671489953995
NDWFS_J142519.7+341040 8.724945655558258e-05 0.014817072078585625 0.0003498735895846039
NDWFS_J142534.5+341121 0.05333172157406807 0.12646174430847168 0.01473277248442173
NDWFS_J142714.6+342307 7.243688742164522e-05 0.007948906160891056 0.00042247044621035457
NDWFS_J142652.9+341642 0.0003057334397453815 0.010525569319725037 0.0016894249711185694
NDWFS_J142624.1+341545 0.16051886975765228 0.2687186598777771 0.4113055467605591
NDWFS_J142531.9+342924 0.9683465361595154 0.850905179977417 0.782126247882843
NDWFS_J142526.5+341142 0.0011207248317077756 0.04609386995434761 0.003684105584397912
NDWFS_J142625.0+341630 0.004168234765529633 0.032902639359235764 0.004885917995125055
NDWFS_J142550.9+340956 0.0006056458223611116 0.023450326174497604 0.0010446242522448301
NDWFS_J142536.2+341232 0.0022258912213146687 0.04080991819500923 0.005369638558477163
NDWFS_J142645.0+342946 0.004671335220336914 0.01369081623852253 0.011366267688572407
NDWFS_J142456.5+340843 0.0003599014598876238 0.009501774795353413 0.00045598828000947833
NDWFS_J142601.3+340508 0.0003342919808346778 0.015207791700959206 0.002417637500911951
NDWFS_J142650.9+341248 0.2383699119091034 0.46852195262908936 0.35130202770233154
NDWFS_J142640.9+342105 0.9645592570304871 0.8942524790763855 0.8556428551673889
NDWFS_J142440.0+343718 0.0006293818005360663 0.016354544088244438 0.001087753102183342
NDWFS_J142707.9+342507 0.7211453914642334 0.20501458644866943 0.37660330533981323
NDWFS_J142435.4+343524 0.0002703185600694269 0.013351893052458763 0.00035769265377894044
NDWFS_J142625.5+342848 0.00011993571388302371 0.00960670318454504 0.000527033640537411
NDWFS_J142440.7+341903 0.018676334992051125 0.019000833854079247 0.0007582891266793013
NDWFS_J142507.0+341702 0.43601253628730774 0.5786990523338318 0.36173215508461
NDWFS_J142712.9+342511 0.0001647925964789465 0.009671550244092941 0.0022340414579957724
NDWFS_J142729.1+343039 0.03624776378273964 0.03877710551023483 0.019033899530768394
NDWFS_J142536.2+343657 0.00012266685371287167 0.010829532518982887 0.001021128031425178
NDWFS_J142455.1+341759 0.00025079480838030577 0.010214394889771938 0.0012051613302901387
NDWFS_J142730.1+342519 0.00023828644771128893 0.010829593986272812 0.0005806849803775549
NDWFS_J142620.0+340615 0.05164150893688202 0.2715402841567993 0.03549082577228546
NDWFS_J142643.4+342824 0.26827472448349 0.13205617666244507 0.2712804973125458
NDWFS_J142610.6+341714 0.8703979253768921 0.3825680613517761 0.9145342111587524
NDWFS_J142448.6+341942 0.000935343443416059 0.0465053915977478 0.01951446197926998
NDWFS_J142605.4+343335 0.00011616843403317034 0.007700163405388594 0.0004494752502068877
NDWFS_J142700.7+342133 0.00018365896539762616 0.011034281924366951 0.0005608184728771448
NDWFS_J142703.0+342258 0.00027474973467178643 0.012020549736917019 0.0008335165912285447
NDWFS_J142551.7+343044 0.000928894558455795 0.014619186520576477 0.0048939622938632965
NDWFS_J142449.8+342326 0.00030260419589467347 0.011504574678838253 0.0012287480058148503
NDWFS_J142536.8+341903 0.9982201457023621 0.941950798034668 0.9889187216758728
NDWFS_J142705.9+342000 0.0002631941461004317 0.032200295478105545 0.0009508816874586046
NDWFS_J142611.3+343008 0.0016661611152812839 0.038237448781728745 0.004773024469614029
NDWFS_J142705.7+343001 0.0002228848752565682 0.020958872511982918 0.0008380480576306581
NDWFS_J142502.9+342202 0.00046583011862821877 0.011200563982129097 0.001511584734544158
NDWFS_J142515.2+341152 0.0012626161333173513 0.026151427999138832 0.002000541891902685
NDWFS_J142723.7+341445 0.03483772277832031 0.15505582094192505 0.05732936039566994
NDWFS_J142655.7+342517 0.00047102506505325437 0.010156677104532719 0.0006839402485638857
NDWFS_J142647.1+342007 0.7394283413887024 0.8271204829216003 0.5458602905273438
NDWFS_J142449.2+342401 0.00012756708019878715 0.008076559752225876 0.0005191803793422878
NDWFS_J142706.5+340533 0.014791744761168957 0.02204822190105915 0.004631977528333664
NDWFS_J142447.7+343722 0.00036415617796592414 0.00974614080041647 0.0012257139896973968
NDWFS_J142517.4+342922 0.0013956291368231177 0.035310059785842896 0.005308094900101423
NDWFS_J142547.7+341352 0.000252905476372689 0.019541706889867783 0.0010579257505014539
NDWFS_J142543.0+344737 0.009741563349962234 0.07203249633312225 0.011496529914438725
NDWFS_J142619.3+344252 0.0003284486592747271 0.007831894792616367 0.0010321852751076221
NDWFS_J142654.1+344547 0.00013422456686384976 0.010931412689387798 0.0012247551931068301
NDWFS_J142657.0+344007 0.0001845507213147357 0.007706677541136742 0.0004704818711616099
NDWFS_J142522.5+351014 8.003349648788571e-05 0.009185518138110638 0.0004354179836809635
NDWFS_J142633.6+351246 0.001220880076289177 0.010935161262750626 0.0023970273323357105
NDWFS_J142616.5+350427 0.5362985134124756 0.5383389592170715 0.4900580644607544
NDWFS_J142656.9+344116 0.001518485601991415 0.009404754266142845 0.0023458669893443584
NDWFS_J142614.3+351327 0.0007876183371990919 0.24409987032413483 0.006722425576299429
NDWFS_J142545.5+345926 0.00017224441398866475 0.010639567859470844 0.0006778095266781747
NDWFS_J142529.3+350516 0.00693097710609436 0.04799197241663933 0.0030246342066675425
NDWFS_J142609.7+344653 0.0006808005273342133 0.011864479631185532 0.0014216967392712831
NDWFS_J142733.2+350813 0.970550537109375 0.9198644161224365 0.9533553719520569
NDWFS_J142721.4+344946 0.0003488108632154763 0.008985089138150215 0.0014908469747751951
NDWFS_J142450.3+345324 0.007799262180924416 0.015863195061683655 0.032650068402290344
NDWFS_J142555.6+344139 0.013164984993636608 0.2632618844509125 0.03943668305873871
NDWFS_J142627.1+345006 6.827295874245465e-05 0.00962764024734497 0.0009921834571287036
NDWFS_J142638.2+344351 0.6892285943031311 0.41970294713974 0.9075532555580139
NDWFS_J142725.5+351213 0.0004088475543539971 0.009195618331432343 0.0023306356742978096
NDWFS_J142620.9+345335 0.19369077682495117 0.1830231100320816 0.11697084456682205
NDWFS_J142637.6+351144 4.137582072871737e-05 0.021844536066055298 0.00041537178913131356
NDWFS_J142701.9+345456 0.0003502679173834622 0.025190308690071106 0.0001799509336706251
NDWFS_J142607.5+344850 0.0008785901591181755 0.012696231715381145 0.0015490723308175802
NDWFS_J142642.2+345539 0.00018398725660517812 0.009280255064368248 0.0020540934056043625
NDWFS_J142715.3+350424 0.000225484705879353 0.022277308627963066 0.0022781856823712587
NDWFS_J142720.5+344943 0.0011485075810924172 0.026462623849511147 0.0020176491234451532
NDWFS_J142641.1+351051 0.0006330152973532677 0.010807187296450138 0.002631123410537839
NDWFS_J142703.0+350458 0.00023445840633939952 0.009279899299144745 0.0012175379088148475
NDWFS_J142700.6+350653 0.0003443182213231921 0.053946442902088165 0.0013938407646492124
NDWFS_J142500.9+344319 7.250440103234723e-05 0.010348682291805744 0.0004859014297835529
NDWFS_J142556.5+350656 0.7631056904792786 0.7881264090538025 0.7015928030014038
NDWFS_J142534.3+344805 0.001470788847655058 0.035885248333215714 0.0031502784695476294
NDWFS_J142650.9+345135 0.00010216084046987817 0.010076968930661678 0.0022372982930392027
NDWFS_J142629.2+350722 0.00014123805158305913 0.01786300353705883 0.0003649245772976428
NDWFS_J142726.2+344517 0.00012118129234295338 0.010078723542392254 0.0006935452693141997
NDWFS_J142514.6+345436 0.0004200002586003393 0.008463623002171516 0.0012269216822460294
NDWFS_J142643.0+350120 0.00039274408482015133 0.00971461646258831 0.0009278860525228083
NDWFS_J142554.1+350431 0.0003989266406279057 0.008464171551167965 0.00048814716865308583
NDWFS_J142547.1+350742 0.0005356585024856031 0.02738470956683159 0.0012086263159289956
NDWFS_J142711.7+351548 0.9677474498748779 0.8289240598678589 0.9273583292961121
NDWFS_J142454.4+350042 0.0015321261016651988 0.09580200165510178 0.004614300560206175
NDWFS_J142711.5+350602 0.005610727705061436 0.017939064651727676 0.001410973141901195
NDWFS_J142605.4+345055 0.010038508102297783 0.014517005532979965 0.0024042935110628605
NDWFS_J142717.8+350226 0.00018123429617844522 0.009776371531188488 0.00031868150108493865
NDWFS_J142722.8+344037 0.023237021639943123 0.09485095739364624 0.022135939449071884
NDWFS_J142653.5+345444 0.1703287661075592 0.2585926055908203 0.06583541631698608
NDWFS_J142614.6+350009 0.045005857944488525 0.08263114839792252 0.1513335257768631
NDWFS_J142700.8+344548 0.0010331465164199471 0.026028860360383987 0.002670551184564829
NDWFS_J142523.2+350857 0.21754200756549835 0.6220201849937439 0.31255191564559937
NDWFS_J142537.6+345425 0.014385574497282505 0.08659866452217102 0.058261577039957047
NDWFS_J142524.4+350920 6.100454629631713e-05 0.011304045096039772 0.0007994350744411349
NDWFS_J142542.5+345540 0.03187773749232292 0.1188083365559578 0.10482911020517349
NDWFS_J142639.1+345730 0.006115270312875509 0.1220117136836052 0.014812973327934742
NDWFS_J142600.2+351013 0.0037043760530650616 0.07275117188692093 0.02375963144004345
NDWFS_J142657.5+345018 0.2907872200012207 0.4325721263885498 0.25296884775161743
NDWFS_J142529.2+344436 0.0005565189057961106 0.00958311278373003 0.0011761082569137216
NDWFS_J142650.1+344202 0.0002639613812789321 0.00958311278373003 0.0007667691097594798
NDWFS_J142436.4+344136 9.854813833953813e-05 0.01099309977144003 0.00037292821798473597
NDWFS_J142653.9+345450 0.00031457230215892196 0.06786447018384933 0.0010499486234039068
NDWFS_J142557.0+351218 0.03156517818570137 0.11680493503808975 0.04667637497186661
NDWFS_J142546.7+350835 0.0020057104993611574 0.025101592764258385 0.008067172020673752
NDWFS_J142519.5+350856 7.127028948161751e-05 0.009299054741859436 0.0009924349142238498
NDWFS_J142533.3+344208 0.0024549600202590227 0.06624013930559158 0.009379777126014233
NDWFS_J142539.4+350035 0.0005691061378456652 0.01181597076356411 0.0011721758637577295
NDWFS_J142643.6+344514 0.9451923966407776 0.7036804556846619 0.9250714182853699
NDWFS_J142705.6+344326 0.08289860934019089 0.054060425609350204 0.05768781900405884
NDWFS_J142555.0+351418 0.0004915904137305915 0.025372808799147606 0.013950619846582413
NDWFS_J142503.1+344852 0.6081551909446716 0.6556111574172974 0.5784674882888794
NDWFS_J142531.6+344835 0.0007724218885414302 0.02329448238015175 0.0009441367583349347
NDWFS_J142555.0+344304 0.0003639975911937654 0.010848059318959713 0.0006904480396769941
NDWFS_J142532.7+345413 0.0007964612450450659 0.020880363881587982 0.00452703470364213
NDWFS_J142716.8+345716 0.00030457411776296794 0.009822799824178219 0.000891940901055932
NDWFS_J142535.1+343932 0.0014587839832529426 0.060439832508563995 0.002447789767757058
NDWFS_J142706.9+350456 0.002921205945312977 0.02472052164375782 0.009737883694469929
NDWFS_J142725.6+350021 0.9969611763954163 0.8989906907081604 0.9383167624473572
NDWFS_J142532.2+345004 0.0007007281528785825 0.010524670593440533 0.0012514747213572264
NDWFS_J142646.4+350620 0.7164822220802307 0.4381156861782074 0.7436570525169373
NDWFS_J142600.3+345734 0.00044499567593447864 0.011103547178208828 0.001825803192332387
NDWFS_J142512.0+350128 0.4902409017086029 0.5526258945465088 0.4011794626712799
NDWFS_J142632.6+345838 0.00010084662062581629 0.01400107890367508 0.0006924374029040337
NDWFS_J142522.3+350834 0.00032806373201310635 0.010635146871209145 0.004260518122464418
NDWFS_J142638.1+350829 0.008607572875916958 0.13748455047607422 0.055827926844358444
NDWFS_J142600.3+351959 0.0005024179117754102 0.009767761453986168 0.0013946732506155968
NDWFS_J142558.4+353230 0.0004791037645190954 0.023722931742668152 0.00021641339117195457
NDWFS_J142647.4+354452 0.00022223893029149622 0.00976787693798542 0.0009407520410604775
NDWFS_J142509.7+351646 0.00012465895269997418 0.011053280904889107 0.00013891216076444834
NDWFS_J142720.6+352055 0.014997465535998344 0.29268771409988403 0.01859281398355961
NDWFS_J142715.0+351351 6.511125684482977e-05 0.008817720226943493 0.0004712770169135183
NDWFS_J142501.1+351711 0.018181079998612404 0.16811975836753845 0.035113926976919174
NDWFS_J142609.3+351408 0.001317879417911172 0.017033712938427925 0.008196596056222916
NDWFS_J142731.3+353328 0.2615647614002228 0.22560341656208038 0.10428163409233093
NDWFS_J142648.4+354842 0.0004038744664285332 0.011113745160400867 0.0029254532419145107
NDWFS_J142545.1+352449 0.001080085290595889 0.010340934619307518 0.0012053066166117787
NDWFS_J142533.8+355040 0.6609318852424622 0.3104749023914337 0.179084911942482
NDWFS_J142648.3+351608 0.0002593612007331103 0.009836439043283463 0.0008042253903113306
NDWFS_J142439.5+353305 0.000205911579541862 0.02313815988600254 0.0005472361808642745
NDWFS_J142522.3+353014 0.0010648054303601384 0.018956653773784637 0.0011284422362223268
NDWFS_J142714.3+353726 0.09466860443353653 0.4919796884059906 0.03602123633027077
NDWFS_J142505.1+353054 0.000344946252880618 0.04801374673843384 0.0008197465795092285
NDWFS_J142631.3+352737 0.00018807912420015782 0.013097180984914303 0.000461393385194242
NDWFS_J142552.9+353909 0.008433603681623936 0.1020263284444809 0.04751752316951752
NDWFS_J142441.7+354545 0.00032843550434336066 0.010509868152439594 0.0007350399391725659
NDWFS_J142705.0+353802 0.00032822671346366405 0.00975058227777481 0.001067238743416965
NDWFS_J142504.4+354913 0.1541871428489685 0.6409140229225159 0.3402177691459656
NDWFS_J142639.6+354337 0.0013245631707832217 0.02813367359340191 0.005259873811155558
NDWFS_J142659.6+353103 0.0002604112960398197 0.02251148223876953 0.0007395147695206106
NDWFS_J142458.1+354319 0.0008210391970351338 0.022620147094130516 0.0023080056998878717
NDWFS_J142449.3+353732 7.093066960806027e-05 0.034540608525276184 0.002114918315783143
NDWFS_J142613.9+354741 0.00011221847671549767 0.022344641387462616 0.0005204502958804369
NDWFS_J142621.2+352857 9.902441524900496e-05 0.009781270287930965 0.0011912890477105975
NDWFS_J142715.1+352253 0.0001419053296558559 0.009691771119832993 0.0007597466465085745
NDWFS_J142545.0+351509 0.0012860799906775355 0.05446995422244072 0.031676094979047775
NDWFS_J142638.9+352100 0.0008929570904001594 0.018118564039468765 0.0018132482655346394
NDWFS_J142523.4+354330 0.0007263874867931008 0.052720651030540466 0.0025349378120154142
NDWFS_J142626.9+352030 0.0610688291490078 0.1697111427783966 0.06790842115879059
NDWFS_J142648.4+351717 0.00024827744346112013 0.015367557294666767 0.00026179716223850846
NDWFS_J142543.3+354905 0.00048667090595699847 0.010647938586771488 0.0031081484630703926
NDWFS_J142453.5+354814 0.0056837694719433784 0.04225350171327591 0.008796853013336658
NDWFS_J142502.0+351507 0.9947282671928406 0.9081212282180786 0.9472178816795349
NDWFS_J142620.0+352351 0.0011462108232080936 0.0342506468296051 0.005135911516845226
NDWFS_J142507.5+353819 0.00010307586489943787 0.010795759968459606 0.0005981383728794754
NDWFS_J142457.5+351550 4.22737721237354e-05 0.011205386370420456 0.0006103261257521808
NDWFS_J142605.1+354833 0.0016527120023965836 0.019997987896203995 0.0039667291566729546
NDWFS_J142635.2+354246 0.0012407859321683645 0.032095085829496384 0.0019301302963867784
NDWFS_J142541.1+353045 0.0006815419183112681 0.025357408449053764 0.001547055086120963
NDWFS_J142503.3+354004 0.00025948460097424686 0.008750002831220627 0.0007278475095517933
NDWFS_J142506.4+351833 0.0006884548347443342 0.04909137636423111 0.0009445048053748906
NDWFS_J142512.3+351922 0.0003736650396604091 0.04881082475185394 0.001917437999509275
NDWFS_J142711.4+354521 6.70901354169473e-05 0.010000075213611126 0.0007028991240076721
NDWFS_J142656.1+354042 0.990936815738678 0.8847776651382446 0.9966463446617126
NDWFS_J142532.4+354935 0.004822425544261932 0.016337767243385315 0.024265656247735023
NDWFS_J142626.2+351759 0.0018158269813284278 0.10946150869131088 0.002890566363930702
NDWFS_J142502.9+351958 0.0005687384982593358 0.04064568132162094 0.015069294720888138
NDWFS_J142635.2+351813 0.002664744621142745 0.04307113215327263 0.0054861800745129585
NDWFS_J142452.6+352735 0.006412006448954344 0.05905567482113838 0.016789715737104416
NDWFS_J142714.3+353103 0.0004865096998400986 0.03783365339040756 0.0015511594247072935
NDWFS_J142535.6+352639 0.0019357915734872222 0.01895488053560257 0.000416920316638425
NDWFS_J142433.5+353101 0.0001710746146272868 0.010470746085047722 0.0008429719600826502
NDWFS_J142715.3+353652 5.333434455678798e-05 0.008624781854450703 0.0008449675515294075
NDWFS_J142733.7+353217 0.014020465314388275 0.07478690147399902 0.017846472561359406
NDWFS_J142649.8+352622 0.008691246621310711 0.1328120082616806 0.03265279531478882
NDWFS_J142629.0+354128 4.326582347857766e-05 0.008165615610778332 0.00019702620920725167
NDWFS_J142622.8+354007 0.00012293420149944723 0.009316598996520042 0.0008921389817260206
NDWFS_J142701.1+352437 0.0010212744819000363 0.008022209629416466 0.0021088668145239353
NDWFS_J142721.7+351444 0.0007010718109086156 0.046109262853860855 0.0009897584095597267
NDWFS_J142652.0+353817 0.00319995591416955 0.07500429451465607 0.02801908366382122
NDWFS_J142720.4+354602 0.0005880219978280365 0.01240732055157423 0.004660508595407009
NDWFS_J142518.5+353108 0.007620907388627529 0.14369197189807892 0.0048370361328125
NDWFS_J142505.8+352723 7.693599036429077e-05 0.01940959505736828 0.00021404463041108102
NDWFS_J142713.2+352714 0.0002467905869707465 0.012404423207044601 0.0007578292861580849
NDWFS_J142726.4+354628 0.018548831343650818 0.05042590945959091 0.004890322685241699
NDWFS_J142601.5+352750 0.0004888607654720545 0.0631985291838646 0.0015993249835446477
NDWFS_J142500.3+354818 0.0025453774724155664 0.02156897820532322 0.003614103654399514
NDWFS_J142512.9+352907 0.0013839290477335453 0.028202638030052185 0.011071329936385155
NDWFS_J142523.2+354644 0.00020507084263954312 0.009947176091372967 0.0006374833756126463
NDWFS_J142449.3+351947 0.00028796165133826435 0.02042144536972046 0.0032784019131213427
NDWFS_J142501.4+353424 0.00021692036534659564 0.015362038277089596 0.0006895271362736821
NDWFS_J142508.1+353738 0.08031665533781052 0.2426058053970337 0.07511590421199799
NDWFS_J142502.1+351911 0.014600754715502262 0.11495466530323029 0.025001203641295433
NDWFS_J142615.3+351523 0.0013727485202252865 0.02585216425359249 0.0008379307109862566
NDWFS_J142509.5+352352 0.0002720500633586198 0.016176510602235794 0.00025757236289791763
NDWFS_J142441.8+353723 0.0006904546171426773 0.009604071266949177 0.0017113317735493183
NDWFS_J142517.8+352847 0.00036736956099048257 0.009604071266949177 0.0016658168751746416
NDWFS_J142715.7+351857 0.0015606425004079938 0.009604071266949177 0.0023553541395813227
NDWFS_J142548.6+351707 0.000674851646181196 0.012278825975954533 0.0004926205147057772
NDWFS_J142511.5+354700 0.03893748298287392 0.2042492777109146 0.089835025370121
NDWFS_J142445.9+354240 0.001653285464271903 0.014842367731034756 0.002621268853545189
NDWFS_J142457.5+354603 0.7889752984046936 0.7601107358932495 0.8439757823944092
NDWFS_J142623.0+352732 0.0001920318609336391 0.010679717175662518 0.0004413698334246874
NDWFS_J142706.0+352113 0.0028884559869766235 0.08558644354343414 0.004638956394046545
NDWFS_J142538.0+352031 0.0002256655861856416 0.04388759657740593 0.0007132602040655911
NDWFS_J142618.8+352159 0.00023180463176686317 0.010674912482500076 0.0024829357862472534
NDWFS_J142511.8+352824 0.00018462729349266738 0.025388961657881737 0.0003337926173117012
NDWFS_J142450.2+351546 0.00016888786922208965 0.01688515581190586 0.00021506811026483774
NDWFS_J142435.5+353722 0.9996485710144043 0.9454157948493958 0.9905885457992554
NDWFS_J142622.2+352235 0.0015656331088393927 0.028312696143984795 0.004545425530523062
NDWFS_J142726.8+354517 0.00025421721511520445 0.051850926131010056 0.0004551696765702218
NDWFS_J142517.3+351838 0.00045774554018862545 0.007431854028254747 0.00033614266430959105
NDWFS_J142522.8+354430 0.03397291898727417 0.1507492959499359 0.03003854677081108
NDWFS_J142442.0+352646 0.00026739866007119417 0.009237078949809074 0.00034353506634943187
NDWFS_J142641.0+355017 0.9991304278373718 0.9326884150505066 0.9970695972442627
NDWFS_J142436.4+352103 0.00010809078230522573 0.009927701205015182 0.0004348584625404328
NDWFS_J142519.7+353252 0.5047048330307007 0.5565062761306763 0.2151433676481247
NDWFS_J142610.6+354517 9.002806473290548e-05 0.009049181826412678 0.0003514834970701486
NDWFS_J142555.4+351727 0.8442519307136536 0.6556853652000427 0.7009522914886475
NDWFS_J142546.1+353919 0.00019533450540620834 0.00962103996425867 0.0006737730000168085
NDWFS_J142444.4+351845 0.0004680375277530402 0.017045805230736732 0.0047842045314610004
NDWFS_J142525.9+354546 0.000930007197894156 0.017103023827075958 0.00033535363036207855
NDWFS_J142714.6+353345 0.0007611868786625564 0.010578734800219536 0.0016323451418429613
NDWFS_J142602.5+352759 0.1844446063041687 0.42564767599105835 0.27393320202827454
NDWFS_J142608.7+354447 0.00018511891539674252 0.010896395891904831 0.0009137204615399241
NDWFS_J142658.3+354355 0.0003628587583079934 0.010860464535653591 0.00043736110092140734
NDWFS_J142724.0+352223 0.00026520449318923056 0.026019465178251266 0.0005382487433962524
NDWFS_J142720.5+352723 0.00021673117589671165 0.013227339833974838 0.0009822109714150429
NDWFS_J142604.8+352654 0.0005551956710405648 0.03798854351043701 0.0027690636925399303
NDWFS_J142930.8+325413 0.00031655188649892807 0.014758766628801823 0.0009014939423650503
NDWFS_J142839.6+325248 5.25830291735474e-05 0.006576929707080126 0.0002536241081543267
NDWFS_J142731.9+323143 0.00021627334353979677 0.014177395962178707 0.00047413285938091576
NDWFS_J142754.0+324805 0.00017119910626206547 0.012363657355308533 0.0015495044644922018
NDWFS_J142854.7+325341 0.00016749072528909892 0.008708836510777473 0.000753567845094949
NDWFS_J142736.1+323404 0.14106440544128418 0.07469066977500916 0.014225789345800877
NDWFS_J142946.8+324559 0.0001625227159820497 0.008379656821489334 0.0008474764763377607
NDWFS_J142730.8+322947 7.331774395424873e-05 0.025354402139782906 0.0002683170314412564
NDWFS_J142734.4+322757 0.00015673153393436223 0.02691505290567875 0.0014043902046978474
NDWFS_J143016.0+325901 0.08868288993835449 0.3215913474559784 0.2727400064468384
NDWFS_J142948.2+322950 0.030725372955203056 0.08562671393156052 0.011781378649175167
NDWFS_J143003.1+325253 0.00015694524336140603 0.007776407524943352 0.0013729792553931475
NDWFS_J142946.7+323712 0.0025947096291929483 0.04082140699028969 0.004761963617056608
NDWFS_J142951.6+322301 6.155372830107808e-05 0.008228498511016369 0.0010909748962149024
NDWFS_J143003.2+322154 2.3053025870467536e-05 0.008062327280640602 0.0003566330415196717
NDWFS_J142901.1+322109 0.0031165992841124535 0.03221440315246582 0.001201450009830296
NDWFS_J142841.0+325457 0.002772424602881074 0.07205430418252945 0.004973037634044886
NDWFS_J142916.5+324154 0.0006535062566399574 0.040150679647922516 0.0025084216613322496
NDWFS_J142823.8+324632 5.156632687430829e-05 0.02059614285826683 0.0005724082584492862
NDWFS_J142928.4+325031 1.4102858585829381e-05 0.008246776647865772 0.0006179119809530675
NDWFS_J142723.0+324123 0.007661044597625732 0.14730119705200195 0.010912631638348103
NDWFS_J142905.4+325126 0.12495695054531097 0.24970108270645142 0.08416422456502914
NDWFS_J143005.3+324446 0.0009506992064416409 0.010386775247752666 0.00123444979544729
NDWFS_J142941.6+323605 0.001214659889228642 0.0201867762953043 0.0008188775973394513
NDWFS_J142817.1+323916 7.956952322274446e-05 0.01569095440208912 0.0001731717202346772
NDWFS_J142839.3+322253 3.407186522963457e-05 0.009810923598706722 0.0002791422593872994
NDWFS_J142949.9+323031 0.0037342829164117575 0.020001497119665146 0.001296043861657381
NDWFS_J142741.1+322343 7.405511860270053e-05 0.006615599617362022 0.0003859956923406571
NDWFS_J142927.2+323712 0.00025849739904515445 0.006816128734499216 0.0006616248865611851
NDWFS_J142856.7+322946 0.0003510215610731393 0.011051581241190434 0.0009911975357681513
NDWFS_J142946.2+324202 0.000906828383449465 0.10987889021635056 0.003465474583208561
NDWFS_J142929.1+324451 0.00010116417979588732 0.02545551210641861 0.0019266796298325062
NDWFS_J143000.3+324024 0.00021789586753584445 0.0076022823341190815 0.001295752008445561
NDWFS_J142740.1+322821 0.00010941516666207463 0.008033164776861668 0.0002646223292686045
NDWFS_J142920.1+322420 0.0010971297742798924 0.032099366188049316 0.0022364354226738214
NDWFS_J142732.0+325222 0.0012108790688216686 0.013340121135115623 0.0009367151069454849
NDWFS_J142848.7+322310 0.09109856188297272 0.5381592512130737 0.14737381041049957
NDWFS_J142829.9+324539 0.7207382917404175 0.6586012244224548 0.6181877255439758
NDWFS_J142816.4+323137 6.640480569330975e-05 0.01499233115464449 0.001232774811796844
NDWFS_J142744.5+324333 0.00017551313794683665 0.009738747961819172 0.0011505229631438851
NDWFS_J142802.2+324012 0.02704930305480957 0.047638144344091415 0.08860620856285095
NDWFS_J142907.2+325332 0.00017995780217461288 0.01368029322475195 0.001068576006218791
NDWFS_J143007.5+323257 2.515026062610559e-05 0.007154397666454315 0.0004998024669475853
NDWFS_J142905.0+325227 2.493161264283117e-05 0.00794670358300209 0.00036653311690315604
NDWFS_J142831.8+324648 0.4656042754650116 0.3221938908100128 0.48429593443870544
NDWFS_J142803.8+321918 0.00018969173834193498 0.009057343937456608 0.001985643059015274
NDWFS_J142925.3+330241 7.013150752754882e-05 0.006031260825693607 0.0007177304360084236
NDWFS_J142743.6+323300 8.256941509898752e-05 0.006368900649249554 0.00026768946554511786
NDWFS_J142835.4+324050 0.00014448328875005245 0.006825373508036137 0.0006566791562363505
NDWFS_J142910.6+325233 0.0003800839767791331 0.023047326132655144 0.004255854059010744
NDWFS_J142807.2+323324 4.384996645967476e-05 0.009060990996658802 0.0002801629016175866
NDWFS_J142945.5+323209 0.0011938819661736488 0.0303945355117321 0.0018708112183958292
NDWFS_J142736.8+325430 0.0038665926549583673 0.01618298329412937 0.011227492243051529
NDWFS_J142751.1+324338 0.029668444767594337 0.09905313700437546 0.01575944572687149
NDWFS_J142735.1+325251 0.0001523700193502009 0.02532178908586502 0.0012751244939863682
NDWFS_J142832.9+322051 0.0002746525569818914 0.008639671839773655 0.0018791828770190477
NDWFS_J142905.8+324117 0.0004819461901206523 0.020169829949736595 0.0030066147446632385
NDWFS_J142855.1+323757 5.6531833251938224e-05 0.013040531426668167 0.00039880973054096103
NDWFS_J142937.3+325324 0.00010508950072107837 0.007000910583883524 0.0007848988752812147
NDWFS_J142818.3+325232 0.06663750112056732 0.18128028512001038 0.045147646218538284
NDWFS_J142852.8+322015 0.00034173147287219763 0.00752811087295413 0.0007064957753755152
NDWFS_J142747.2+322602 7.470931450370699e-05 0.018665699288249016 0.0010520702926442027
NDWFS_J142940.5+324812 0.0007414874853566289 0.060913968831300735 0.0012183226644992828
NDWFS_J142905.5+324038 0.0002030450414167717 0.007408913224935532 0.0008019468514248729
NDWFS_J142752.4+323629 5.45311086170841e-05 0.007408913224935532 0.00029420951614156365
NDWFS_J142814.6+325449 0.00011238960723858327 0.007735278457403183 0.0004543288960121572
NDWFS_J142956.7+322519 0.0015029758214950562 0.07929917424917221 0.014146368019282818
NDWFS_J142835.8+323730 0.01922188140451908 0.4417319893836975 0.10101320594549179
NDWFS_J142949.6+324904 0.00048810854787006974 0.010205340571701527 0.0001976748462766409
NDWFS_J142951.9+322444 9.361797128804028e-05 0.009738076478242874 0.0007042129873298109
NDWFS_J142917.3+322554 0.454438716173172 0.7033084034919739 0.4914180338382721
NDWFS_J142817.9+323021 0.31600746512413025 0.6123628616333008 0.1987302601337433
NDWFS_J142823.6+322005 0.06480265408754349 0.12084929645061493 0.06127091497182846
NDWFS_J143008.9+330343 0.14139562845230103 0.27701741456985474 0.13437506556510925
NDWFS_J142749.8+322933 0.030176321044564247 0.288047194480896 0.08375763893127441
NDWFS_J142855.7+323746 0.0004176225629635155 0.010598828084766865 0.0026420122012495995
NDWFS_J142747.2+322659 4.4096625060774386e-05 0.010331389494240284 0.00013017734454479069
NDWFS_J142853.5+325546 0.036358173936605453 0.18218401074409485 0.039956506341695786
NDWFS_J142755.5+325530 0.0004036321770399809 0.014810002408921719 0.001901176176033914
NDWFS_J142739.0+324212 0.00011856063065351918 0.041119690984487534 0.0019275895319879055
NDWFS_J142932.8+322221 0.00011009754962287843 0.016602065414190292 0.001205378444865346
NDWFS_J142850.2+322209 0.00017117462994065136 0.008112379349768162 0.004407536704093218
NDWFS_J142806.3+323145 0.0006530252867378294 0.007764425594359636 0.0005766653339378536
NDWFS_J142938.3+323100 1.7818745618569665e-05 0.008547821082174778 0.0002126309263985604
NDWFS_J142919.8+322831 9.202582441503182e-05 0.00753055140376091 0.00047041571815498173
NDWFS_J142752.4+324855 0.5803743004798889 0.4447808265686035 0.5424062609672546
NDWFS_J142948.7+325427 6.672943709418178e-05 0.010529160499572754 0.00031140990904532373
NDWFS_J143009.7+324523 0.0001118161017075181 0.010096298530697823 0.0018425111193209887
NDWFS_J142806.9+323230 0.00024010748893488199 0.02690163441002369 0.0012930551311001182
NDWFS_J142939.3+322441 0.00018603887292556465 0.02003628760576248 0.0005167414783500135
NDWFS_J143008.5+324829 0.0002164156612707302 0.011464694514870644 0.00036194786662235856
NDWFS_J142956.1+322700 0.0001351693645119667 0.010098843835294247 0.0009774318896234035
NDWFS_J142733.2+322711 0.00013948210107628256 0.008295096457004547 0.0007015633746050298
NDWFS_J142913.9+325318 0.0019243300193920732 0.030133623629808426 0.01189323142170906
NDWFS_J142910.4+322245 0.0005704559735022485 0.010528013110160828 0.0016509693814441562
NDWFS_J143014.4+322240 9.536834113532677e-05 0.008387981913983822 0.0017367730615660548
NDWFS_J142950.4+322225 5.07483200635761e-05 0.01009936910122633 0.00086298055248335
NDWFS_J142830.4+323229 0.0001386954972986132 0.009304015897214413 0.0011007761349901557
NDWFS_J142859.8+322513 7.575016206828877e-05 0.007363514509052038 0.001451606396585703
NDWFS_J143002.9+325036 0.00010883565846597776 0.007805634755641222 0.00026561139384284616
NDWFS_J142734.3+322654 0.0004733317473437637 0.00798374880105257 0.0006670455331914127
NDWFS_J142803.3+323920 8.830511069390923e-05 0.007984768599271774 0.00038747041253373027
NDWFS_J142848.8+324155 0.00023099096142686903 0.008227848447859287 0.0004776284331455827
NDWFS_J142802.1+324510 0.00018814296345226467 0.009338617324829102 0.0008718547760508955
NDWFS_J142841.9+324110 0.03295000270009041 0.12643186748027802 0.029046345502138138
NDWFS_J142755.6+330102 5.849451190442778e-05 0.00956958532333374 0.0012369591277092695
NDWFS_J142944.6+323247 0.08237010985612869 0.1664489507675171 0.13689641654491425
NDWFS_J142901.6+324413 3.0411027182708494e-05 0.011006820946931839 0.00032619095873087645
NDWFS_J142936.3+330214 0.009666595607995987 0.08605244010686874 0.005229556001722813
NDWFS_J142732.7+325410 0.0012170799309387803 0.022736212238669395 0.00242497306317091
NDWFS_J142749.9+325554 0.0003253889735788107 0.013757826760411263 0.0012594015570357442
NDWFS_J142929.4+322939 0.32397398352622986 0.2432054728269577 0.210275337100029
NDWFS_J143006.9+323448 0.003641970455646515 0.15986286103725433 0.03813258931040764
NDWFS_J142913.5+323445 3.2692849345039576e-05 0.008420280180871487 0.00036541526787914336
NDWFS_J142959.2+325601 0.0010871196864172816 0.009136617183685303 0.0006051204982213676
NDWFS_J142811.9+325203 0.00023188156774267554 0.00941464863717556 0.0012559968745335937
NDWFS_J142947.9+325906 0.00013856225996278226 0.008835826069116592 0.00021899599232710898
NDWFS_J142823.1+325604 0.00048610501107759774 0.012578202411532402 0.0011841546511277556
NDWFS_J142907.4+323350 4.994638584321365e-05 0.013850316405296326 0.00019795229309238493
NDWFS_J142833.9+323312 5.8181693020742387e-05 0.009814899414777756 0.00023980686091817915
NDWFS_J142850.4+324858 0.006149581167846918 0.02751745656132698 0.01914234645664692
NDWFS_J142751.2+322832 0.00025955215096473694 0.009915841743350029 0.0013969582505524158
NDWFS_J142758.0+324311 0.0001339090522378683 0.007481986656785011 0.000423941295593977
NDWFS_J142744.9+323918 2.4090890292427503e-05 0.007291655521839857 0.0005580840515904129
NDWFS_J142913.9+322232 0.09666509181261063 0.23521831631660461 0.4055054187774658
NDWFS_J142745.5+323155 0.0032364355865865946 0.047848593443632126 0.012314756400883198
NDWFS_J143013.1+323829 0.0001322198804700747 0.007817409001290798 0.001255649491213262
NDWFS_J142941.7+324852 0.0007627153536304832 0.019448285922408104 0.0024329929146915674
NDWFS_J142802.3+321936 0.9949859380722046 0.9406895041465759 0.98689204454422
NDWFS_J142828.7+332156 0.0019748019985854626 0.010041114874184132 0.0012043776223435998
NDWFS_J142955.7+332809 0.0021102007012814283 0.031445883214473724 0.009162459522485733
NDWFS_J142927.4+330507 0.04480111226439476 0.05554383620619774 0.04331125319004059
NDWFS_J142826.7+331103 0.01511176023632288 0.052183229476213455 0.0366218276321888
NDWFS_J142846.4+330020 0.001093718921765685 0.009681136347353458 0.00327188428491354
NDWFS_J142819.7+331334 0.00041577269439585507 0.02502104826271534 0.0006552786799147725
NDWFS_J143016.4+331636 0.38641002774238586 0.3423055410385132 0.1811962127685547
NDWFS_J142930.5+332935 0.0018357569351792336 0.01680474914610386 0.001934946165420115
NDWFS_J142851.9+331747 0.002416501520201564 0.01632869616150856 0.0030934277456253767
NDWFS_J142832.3+330132 0.008274437859654427 0.0723770260810852 0.019579052925109863
NDWFS_J142825.4+330539 0.0009838715195655823 0.03003852069377899 0.0016903139185160398
NDWFS_J142945.1+331353 0.00016634477651678026 0.007241829298436642 0.0002713514259085059
NDWFS_J142944.7+331005 0.02202690578997135 0.06306327134370804 0.024956218898296356
NDWFS_J142856.2+330330 0.00011730394908227026 0.01167936809360981 0.0017616868717595935
NDWFS_J142932.0+330902 0.11180522292852402 0.43598508834838867 0.14829494059085846
NDWFS_J142806.9+332659 0.25065624713897705 0.13848604261875153 0.07823914289474487
NDWFS_J142936.4+331723 7.409029785776511e-05 0.007186217699199915 0.000998919946141541
NDWFS_J142908.3+330813 0.00013720881543122232 0.011506272479891777 0.0008124080486595631
NDWFS_J142931.1+325901 0.027838408946990967 0.45478925108909607 0.26659730076789856
NDWFS_J142736.9+330913 0.00033832178451120853 0.017747683450579643 0.0010133127216249704
NDWFS_J142948.5+330641 7.958742935443297e-05 0.013321374543011189 0.0003768765600398183
NDWFS_J142909.9+331830 0.011329633183777332 0.058270908892154694 0.0025378232821822166
NDWFS_J142739.6+330636 0.00014807026309426874 0.01302594505250454 0.0005891590844839811
NDWFS_J142812.8+332821 6.0986163589404896e-05 0.030756184831261635 0.0004380618338473141
NDWFS_J142950.6+332944 0.010804765857756138 0.18527519702911377 0.024769486859440804
NDWFS_J142940.7+332246 0.00015520642045885324 0.010359568521380424 0.0008777914335951209
NDWFS_J142855.4+330452 8.241766772698611e-05 0.009347462095320225 0.0008518914110027254
NDWFS_J142947.3+330338 0.0004214085347484797 0.010553162544965744 0.0019805508200079203
NDWFS_J142859.1+332212 0.0004784080956596881 0.010553162544965744 0.0010088580893352628
NDWFS_J142814.0+331038 0.0013041296042501926 0.015296095982193947 0.001810243702493608
NDWFS_J142913.1+330838 0.4321756064891815 0.8492323160171509 0.5196623802185059
NDWFS_J142820.1+331457 0.001933890045620501 0.045399729162454605 0.01618809439241886
NDWFS_J142825.7+331042 0.009578430093824863 0.013310116715729237 0.007005689200013876
NDWFS_J142725.5+331939 0.0012200484052300453 0.015662582591176033 0.01516836415976286
NDWFS_J142821.8+332438 0.00015292208991013467 0.010291418060660362 0.0006429966888390481
NDWFS_J142813.9+325400 0.0013499375199899077 0.08485201001167297 0.0011275578290224075
NDWFS_J142726.0+332405 0.0001662030554143712 0.010870755650103092 0.0023477314971387386
NDWFS_J142920.5+325429 0.0008354774327017367 0.017575401812791824 0.001971558667719364
NDWFS_J142807.6+330246 8.748305117478594e-05 0.008626147173345089 0.00033628210076130927
NDWFS_J142917.6+325920 0.00011770294804591686 0.006171983201056719 0.0008389137219637632
NDWFS_J142951.6+330914 0.0014812449226155877 0.01577475666999817 0.0004391979018691927
NDWFS_J142811.7+331119 5.771413634647615e-05 0.007415343541651964 0.0005275789881125093
NDWFS_J142925.1+332203 0.0009401538991369307 0.007415343541651964 0.0012871185317635536
NDWFS_J142916.5+330111 0.0004893190343864262 0.01128194946795702 0.0005599913420155644
NDWFS_J143009.6+331206 0.0026834486052393913 0.018420834094285965 0.0007542400271631777
NDWFS_J142824.8+325922 0.001010292675346136 0.050656817853450775 0.004774648696184158
NDWFS_J142847.2+332442 5.861317185917869e-05 0.009104215539991856 0.0009568572277203202
NDWFS_J142806.9+330255 0.00013697886606678367 0.02330252341926098 0.0011574516538530588
NDWFS_J142848.2+332041 0.0029328034725040197 0.019299117848277092 0.004330134484916925
NDWFS_J142805.9+330358 8.00689886091277e-05 0.01682470180094242 0.0004445487866178155
NDWFS_J142820.9+330741 0.0021645526867359877 0.016270529478788376 0.004769077990204096
NDWFS_J142747.9+332545 0.0058583663776516914 0.020626438781619072 0.004139845725148916
NDWFS_J142810.0+331347 0.6443367600440979 0.44148141145706177 0.5765526294708252
NDWFS_J143001.2+331849 0.009847852401435375 0.07629378885030746 0.020126963034272194
NDWFS_J143015.9+331626 0.0013982966775074601 0.01836838200688362 0.0004980563535355031
NDWFS_J142753.1+332655 0.00015640190395060927 0.019694730639457703 0.00011887873552041128
NDWFS_J142922.8+332907 0.7977409958839417 0.16505596041679382 0.42950746417045593
NDWFS_J142811.1+331821 0.00012674355821218342 0.012218320742249489 0.000806356780230999
NDWFS_J142756.8+330501 0.0003891851520165801 0.008779647760093212 0.0017273674020543694
NDWFS_J142905.4+331558 0.006654851604253054 0.03140251711010933 0.005685292184352875
NDWFS_J142857.5+330906 0.00029883041861467063 0.008542081341147423 0.0012817333918064833
NDWFS_J142943.7+330759 0.0001919783971970901 0.013980706222355366 0.004700557794421911
NDWFS_J142723.7+332819 0.9385203123092651 0.7022601962089539 0.7772952914237976
NDWFS_J142824.7+332615 0.0003123387577943504 0.011210935190320015 0.0016090698773041368
NDWFS_J142735.2+331039 0.002006977330893278 0.044179607182741165 0.01177527941763401
NDWFS_J142953.4+330904 0.0007276539690792561 0.04287141561508179 0.002108038170263171
NDWFS_J142955.8+331627 0.0024872689973562956 0.0620519258081913 0.009428448043763638
NDWFS_J142815.1+330247 0.5557370185852051 0.34058475494384766 0.4625619947910309
NDWFS_J142801.9+331205 0.002614408964291215 0.030465342104434967 0.0016905110096558928
NDWFS_J142744.8+330429 0.0913635715842247 0.30472519993782043 0.08007460832595825
NDWFS_J142931.2+332656 0.0004993693437427282 0.024791259318590164 0.0014392506564036012
NDWFS_J142815.4+332357 5.853028051205911e-05 0.01578669436275959 0.0007216136436909437
NDWFS_J142755.2+325924 0.0005100575508549809 0.02068682573735714 0.002085270592942834
NDWFS_J142805.2+331830 0.06219290569424629 0.0781085267663002 0.01984543725848198
NDWFS_J143002.3+331548 0.00012706253619398922 0.008181565441191196 0.0010763945756480098
NDWFS_J142746.5+335854 0.000417574803577736 0.008181565441191196 0.0005079911206848919
NDWFS_J142810.8+340344 0.00016305356984958053 0.008181565441191196 0.0005718645988963544
NDWFS_J142820.6+335201 0.036249320954084396 0.137624591588974 0.0834173634648323
NDWFS_J142934.1+332918 0.007658003363758326 0.026363663375377655 0.006262458860874176
NDWFS_J142904.6+333636 0.8674808144569397 0.8337598443031311 0.7933370471000671
NDWFS_J142833.3+333347 0.976402997970581 0.5939819812774658 0.8817773461341858
NDWFS_J142845.5+334137 0.0015375291695818305 0.009424329735338688 0.001363303977996111
NDWFS_J142832.1+332903 0.0003015391994267702 0.010117585770785809 0.0011682448675855994
NDWFS_J142805.9+335800 0.0009561111801303923 0.015256335958838463 0.0020425685215741396
NDWFS_J143004.1+334922 0.0011172465747222304 0.010912034660577774 0.0036963738966733217
NDWFS_J143001.9+335354 0.00034188429708592594 0.018583623692393303 0.0005349497660063207
NDWFS_J142854.9+335900 0.0020433608442544937 0.02337401919066906 0.0016991671873256564
NDWFS_J142746.6+335207 0.000171233230503276 0.009695753455162048 0.0006736709037795663
NDWFS_J142859.6+334609 0.8352567553520203 0.4959906339645386 0.8898119926452637
NDWFS_J142757.6+333015 0.0020528798922896385 0.013969602063298225 0.002828424796462059
NDWFS_J142928.0+340304 7.136584463296458e-05 0.008057001046836376 0.0010506244143471122
NDWFS_J142729.3+340227 0.008679017424583435 0.03167007490992546 0.009584814310073853
NDWFS_J143014.2+334909 0.00019290484488010406 0.01555346418172121 0.00046373583609238267
NDWFS_J142853.2+333548 0.0001278318086406216 0.008058113977313042 0.0007249690825119615
NDWFS_J142742.9+335045 0.00023769735707901418 0.008856801316142082 0.0005449960590340197
NDWFS_J142759.6+334643 0.0004517603956628591 0.009683916345238686 0.0007166252471506596
NDWFS_J142934.9+334357 0.10156887769699097 0.047734443098306656 0.029835769906640053
NDWFS_J142901.0+333219 0.0006503493059426546 0.014266709797084332 0.0008964903536252677
NDWFS_J142821.7+334421 0.0007924587116576731 0.0413719117641449 0.0010224295547232032
NDWFS_J142821.2+335914 0.013155918568372726 0.12005318701267242 0.02878052555024624
NDWFS_J142729.7+340055 0.3150952458381653 0.46012717485427856 0.38750988245010376
NDWFS_J142859.5+334934 0.9833632707595825 0.7931066155433655 0.9612218141555786
NDWFS_J142913.2+333957 0.9688898921012878 0.915909469127655 0.8844327926635742
NDWFS_J142848.1+335753 0.0007097803172655404 0.010713924653828144 0.0013151578605175018
NDWFS_J142955.5+334909 0.00014021419337950647 0.010713924653828144 0.0010420081671327353
NDWFS_J142753.3+334158 0.0005198258440941572 0.007904945872724056 0.001021764473989606
NDWFS_J142848.2+333552 0.0013606967404484749 0.05664953589439392 0.006366662215441465
NDWFS_J142921.5+333801 0.003246793756261468 0.06165206804871559 0.001993388868868351
NDWFS_J142843.7+335300 0.002835952676832676 0.031130559742450714 0.003390535479411483
NDWFS_J142915.8+334612 0.0051987976767122746 0.16475047171115875 0.045760225504636765
NDWFS_J142935.6+335338 0.00027829219470731914 0.0076433890499174595 0.0005504544824361801
NDWFS_J142929.4+334212 0.00019576726481318474 0.0076433890499174595 0.0006741487304680049
NDWFS_J142903.7+333003 0.025609934702515602 0.07570721954107285 0.04898277297616005
NDWFS_J143004.7+332901 0.0007078868220560253 0.007809578441083431 0.0015082490863278508
NDWFS_J142801.2+335732 7.592148904222995e-05 0.015448366291821003 0.0015559878665953875
NDWFS_J142850.5+334006 8.488475577905774e-05 0.0076094153337180614 0.0004997891373932362
NDWFS_J142927.0+334156 0.0009059068979695439 0.007753911893814802 0.0007301978184841573
NDWFS_J142943.0+334318 0.0001438870094716549 0.010619343258440495 0.0008262887131422758
NDWFS_J142744.0+334816 0.01718699187040329 0.1611899733543396 0.012946040369570255
NDWFS_J142924.6+340400 6.935966666787863e-05 0.01096938643604517 0.0005163786117918789
NDWFS_J142818.4+333703 0.00018967437790706754 0.010352013632655144 0.0009091512183658779
NDWFS_J142751.7+335837 7.40205287002027e-05 0.00795191153883934 0.00028210991877131164
NDWFS_J142816.7+340409 0.0016029869439080358 0.038713183254003525 0.0026205647736787796
NDWFS_J142822.5+334503 0.00019922814681194723 0.01025485247373581 0.0007144493865780532
NDWFS_J142827.2+334726 0.0006902730092406273 0.01025485247373581 0.001100150286220014
NDWFS_J142806.2+335856 0.008992836810648441 0.04705984517931938 0.018619265407323837
NDWFS_J142934.3+334956 0.011188297532498837 0.06714026629924774 0.11062231659889221
NDWFS_J142934.2+333420 0.00037396117113530636 0.015446873381733894 0.0007246199529618025
NDWFS_J142820.5+335056 0.0011806930415332317 0.01788640208542347 0.0011432295432314277
NDWFS_J142935.9+333624 0.00011112698848592117 0.009893573820590973 0.00039328791899606586
NDWFS_J142927.1+335751 0.0013327155029401183 0.014254719018936157 0.012714403681457043
NDWFS_J143000.9+335408 0.00016938959015533328 0.01677541248500347 0.0005040317191742361
NDWFS_J142918.4+333439 0.0017405635444447398 0.01367033738642931 0.0046374681405723095
NDWFS_J143008.7+333819 0.0004904535016976297 0.009381110779941082 0.00034972155117429793
NDWFS_J143013.9+334440 0.002633394207805395 0.08284999430179596 0.03877988085150719
NDWFS_J142759.0+335313 0.0004968169378116727 0.02257542498409748 0.0050327167846262455
NDWFS_J142942.4+334059 0.014768822118639946 0.06465628743171692 0.037657689303159714
NDWFS_J142913.1+333157 0.00010721033322624862 0.01151400338858366 0.0008588866330683231
NDWFS_J142858.2+333823 0.34321367740631104 0.21179518103599548 0.5678479075431824
NDWFS_J142738.6+333222 0.6450645327568054 0.713275671005249 0.5890243649482727
NDWFS_J142901.5+334750 0.0006953782285563648 0.019058216363191605 0.0014393602032214403
NDWFS_J142754.4+334338 0.0008044683490879834 0.011474231258034706 0.001248670625500381
NDWFS_J142930.6+334057 0.0002184881450375542 0.015013379976153374 0.002693686168640852
NDWFS_J142848.5+340042 0.00039809028385207057 0.008857375010848045 0.0007258871919475496
NDWFS_J142934.3+333415 0.000193701998796314 0.06025953218340874 0.0012984619243070483
NDWFS_J142826.5+333844 0.9116459488868713 0.43050310015678406 0.9375936388969421
NDWFS_J142848.4+335211 0.03796819970011711 0.029214419424533844 0.017311561852693558
NDWFS_J142939.9+334644 0.022916214540600777 0.16059522330760956 0.019505517557263374
NDWFS_J142911.7+340604 0.00010151950846193358 0.02180750109255314 0.0004853774153161794
NDWFS_J142950.6+340931 0.0011376310139894485 0.011620478704571724 0.0007335092523135245
NDWFS_J142745.7+343906 0.0006648213602602482 0.011551172472536564 0.0003278802032582462
NDWFS_J142844.9+341452 0.0009375535883009434 0.02237878181040287 0.0002520609996281564
NDWFS_J142734.6+340837 0.0008663103217259049 0.011551531963050365 0.0014544955920428038
NDWFS_J142939.2+343318 0.001988549018278718 0.011551531963050365 0.0008559328853152692
NDWFS_J142858.9+343218 0.0006391326314769685 0.012456977739930153 0.001489657792262733
NDWFS_J142950.4+343055 0.0002815698098856956 0.008575482293963432 0.0013808918884024024
NDWFS_J142744.0+343304 0.00021100934827700257 0.008556109853088856 0.00026359118055552244
NDWFS_J142740.5+343844 0.0003600565833039582 0.03010893240571022 0.0007807233487255871
NDWFS_J142756.1+341142 0.009197491221129894 0.0416630394756794 0.014641419053077698
NDWFS_J142938.4+343011 3.9901606214698404e-05 0.0073767914436757565 0.00023748850799165666
NDWFS_J143010.1+341521 0.0005614597466774285 0.010582005605101585 0.0019117121119052172
NDWFS_J142817.5+343722 0.000407198938773945 0.011158719658851624 0.0020014550536870956
NDWFS_J142729.7+340435 0.15636572241783142 0.349554181098938 0.5629208087921143
NDWFS_J142837.8+342057 0.00047022319631651044 0.015360141173005104 0.00043198137427680194
NDWFS_J142808.4+343923 0.006264061201363802 0.06018877029418945 0.008712097071111202
NDWFS_J142840.7+341215 0.0002660366881173104 0.010235062800347805 0.0005797810736112297
NDWFS_J142759.2+343054 9.613247675588354e-05 0.01007649302482605 0.00032908303546719253
NDWFS_J142929.9+342629 0.0008309868280775845 0.009855554439127445 0.0013895584270358086
NDWFS_J142907.4+343455 0.0012587293749675155 0.08780205249786377 0.02315521240234375
NDWFS_J142921.1+342609 0.7337861657142639 0.482543408870697 0.3653659224510193
NDWFS_J142746.4+343425 0.00018370240286458284 0.010262561030685902 0.0010559713700786233
NDWFS_J142846.5+341746 0.0016554592875763774 0.010794893838465214 0.0009789942996576428
NDWFS_J142903.0+340549 0.025363970547914505 0.10068359971046448 0.11877011507749557
NDWFS_J142913.7+342123 0.002814001403748989 0.06025262922048569 0.007083031814545393
NDWFS_J142804.5+344024 0.0027489224448800087 0.05464999005198479 0.008345081470906734
NDWFS_J143007.4+343741 0.0002567855117376894 0.016327066347002983 0.0003944406344089657
NDWFS_J142938.5+342004 0.0015258147614076734 0.013445625081658363 0.005460028070956469
NDWFS_J143002.9+342110 0.0020183559972792864 0.014245923608541489 0.0014099280815571547
NDWFS_J142841.8+342151 0.0001048448757501319 0.010314821265637875 0.00036298451595939696
NDWFS_J142741.1+343517 0.00043623102828860283 0.01100093126296997 0.0014549341285601258
NDWFS_J142822.2+343829 0.9985311031341553 0.96341872215271 0.9959893822669983
NDWFS_J143004.3+342839 0.00010850530088646337 0.0096200592815876 0.0010104976827278733
NDWFS_J142748.1+341421 0.0003065100754611194 0.0096200592815876 0.0006691591115668416
NDWFS_J142908.1+341021 0.0001637548703001812 0.0096200592815876 0.0011757145402953029
NDWFS_J142844.3+341841 0.000478943285997957 0.026014480739831924 0.002513375598937273
NDWFS_J142849.1+343213 0.19379757344722748 0.6167450547218323 0.34250596165657043
NDWFS_J142901.4+343805 0.004416369367390871 0.09228513389825821 0.015062154270708561
NDWFS_J142935.1+343113 0.00045762950321659446 0.008708547800779343 0.0015606841770932078
