# nsigs, blob_non_detections, other_non_detections
1.000000000000000056e-01 0.000000000000000000e+00 1.250000000000000069e-02
1.100000000000000006e-01 0.000000000000000000e+00 1.375000000000000007e-02
1.199999999999999956e-01 0.000000000000000000e+00 1.499999999999999944e-02
1.300000000000000044e-01 0.000000000000000000e+00 1.718750000000000139e-02
1.400000000000000133e-01 0.000000000000000000e+00 1.937499999999999986e-02
1.499999999999999944e-01 0.000000000000000000e+00 2.249999999999999917e-02
1.600000000000000033e-01 0.000000000000000000e+00 2.468750000000000111e-02
1.700000000000000122e-01 0.000000000000000000e+00 2.843750000000000097e-02
1.799999999999999933e-01 0.000000000000000000e+00 3.187500000000000056e-02
1.900000000000000022e-01 0.000000000000000000e+00 3.531249999999999667e-02
2.000000000000000111e-01 0.000000000000000000e+00 3.843749999999999944e-02
2.099999999999999922e-01 0.000000000000000000e+00 4.312499999999999667e-02
2.200000000000000011e-01 0.000000000000000000e+00 4.906250000000000194e-02
2.300000000000000100e-01 0.000000000000000000e+00 5.281249999999999833e-02
2.399999999999999911e-01 1.162790697674418589e-03 5.718750000000000222e-02
2.500000000000000000e-01 1.162790697674418589e-03 6.124999999999999889e-02
2.600000000000000089e-01 1.162790697674418589e-03 6.687500000000000389e-02
2.700000000000000178e-01 1.162790697674418589e-03 7.124999999999999389e-02
2.800000000000000266e-01 1.162790697674418589e-03 7.406250000000000333e-02
2.899999999999999800e-01 1.162790697674418589e-03 8.000000000000000167e-02
2.999999999999999889e-01 1.162790697674418589e-03 8.781250000000000167e-02
3.099999999999999978e-01 1.162790697674418589e-03 9.406249999999999334e-02
3.200000000000000067e-01 1.162790697674418589e-03 1.003124999999999989e-01
3.300000000000000155e-01 1.162790697674418589e-03 1.065625000000000044e-01
3.400000000000000244e-01 1.162790697674418589e-03 1.134374999999999967e-01
3.499999999999999778e-01 1.162790697674418589e-03 1.165624999999999994e-01
3.599999999999999867e-01 1.162790697674418589e-03 1.271875000000000089e-01
3.699999999999999956e-01 1.162790697674418589e-03 1.328125000000000000e-01
3.800000000000000044e-01 1.162790697674418589e-03 1.424999999999999878e-01
3.900000000000000133e-01 1.162790697674418589e-03 1.487499999999999933e-01
4.000000000000000222e-01 1.162790697674418589e-03 1.546875000000000056e-01
4.099999999999999756e-01 1.162790697674418589e-03 1.618749999999999911e-01
4.199999999999999845e-01 1.162790697674418589e-03 1.681249999999999967e-01
4.299999999999999933e-01 1.162790697674418589e-03 1.756250000000000033e-01
4.400000000000000022e-01 1.162790697674418589e-03 1.837499999999999967e-01
4.500000000000000111e-01 1.162790697674418589e-03 1.900000000000000022e-01
4.600000000000000200e-01 1.162790697674418589e-03 1.981249999999999956e-01
4.699999999999999734e-01 1.162790697674418589e-03 2.049999999999999878e-01
4.799999999999999822e-01 1.162790697674418589e-03 2.109375000000000000e-01
4.899999999999999911e-01 1.162790697674418589e-03 2.168750000000000122e-01
5.000000000000000000e-01 1.162790697674418589e-03 2.237500000000000044e-01
5.100000000000000089e-01 1.162790697674418589e-03 2.325000000000000122e-01
5.200000000000000178e-01 1.162790697674418589e-03 2.409374999999999989e-01
5.300000000000000266e-01 1.162790697674418589e-03 2.456250000000000100e-01
5.400000000000000355e-01 1.162790697674418589e-03 2.525000000000000022e-01
5.500000000000000444e-01 1.162790697674418589e-03 2.584374999999999867e-01
5.600000000000000533e-01 1.162790697674418589e-03 2.646875000000000200e-01
5.699999999999999512e-01 1.162790697674418589e-03 2.721875000000000266e-01
5.799999999999999600e-01 1.162790697674418589e-03 2.803125000000000200e-01
5.899999999999999689e-01 1.162790697674418589e-03 2.890625000000000000e-01
5.999999999999999778e-01 1.162790697674418589e-03 2.965625000000000067e-01
6.099999999999999867e-01 2.325581395348837177e-03 3.028124999999999845e-01
6.199999999999999956e-01 2.325581395348837177e-03 3.093750000000000111e-01
6.300000000000000044e-01 2.325581395348837177e-03 3.156249999999999889e-01
6.400000000000000133e-01 2.325581395348837177e-03 3.200000000000000067e-01
6.500000000000000222e-01 2.325581395348837177e-03 3.250000000000000111e-01
6.600000000000000311e-01 3.488372093023255766e-03 3.315624999999999822e-01
6.700000000000000400e-01 3.488372093023255766e-03 3.371874999999999734e-01
6.800000000000000488e-01 3.488372093023255766e-03 3.434375000000000067e-01
6.899999999999999467e-01 3.488372093023255766e-03 3.506250000000000200e-01
6.999999999999999556e-01 3.488372093023255766e-03 3.546874999999999889e-01
7.099999999999999645e-01 3.488372093023255766e-03 3.603124999999999800e-01
7.199999999999999734e-01 4.651162790697674354e-03 3.649999999999999911e-01
7.299999999999999822e-01 4.651162790697674354e-03 3.718750000000000111e-01
7.399999999999999911e-01 4.651162790697674354e-03 3.793750000000000178e-01
7.500000000000000000e-01 4.651162790697674354e-03 3.862499999999999822e-01
7.600000000000000089e-01 4.651162790697674354e-03 3.912499999999999867e-01
7.700000000000000178e-01 4.651162790697674354e-03 3.984375000000000000e-01
7.800000000000000266e-01 4.651162790697674354e-03 4.028125000000000178e-01
7.900000000000000355e-01 4.651162790697674354e-03 4.081250000000000155e-01
8.000000000000000444e-01 4.651162790697674354e-03 4.143749999999999933e-01
8.100000000000000533e-01 4.651162790697674354e-03 4.206250000000000266e-01
8.199999999999999512e-01 4.651162790697674354e-03 4.253124999999999822e-01
8.299999999999999600e-01 4.651162790697674354e-03 4.309374999999999734e-01
8.399999999999999689e-01 5.813953488372092943e-03 4.353124999999999911e-01
8.499999999999999778e-01 5.813953488372092943e-03 4.387499999999999734e-01
8.599999999999999867e-01 6.976744186046511531e-03 4.443750000000000200e-01
8.699999999999999956e-01 9.302325581395348708e-03 4.493750000000000244e-01
8.800000000000000044e-01 1.046511627906976730e-02 4.528125000000000067e-01
8.900000000000000133e-01 1.046511627906976730e-02 4.584374999999999978e-01
9.000000000000000222e-01 1.046511627906976730e-02 4.637499999999999956e-01
9.100000000000000311e-01 1.279069767441860447e-02 4.690624999999999933e-01
9.200000000000000400e-01 1.395348837209302306e-02 4.753125000000000266e-01
9.300000000000000488e-01 1.395348837209302306e-02 4.787500000000000089e-01
9.399999999999999467e-01 1.395348837209302306e-02 4.831250000000000266e-01
9.499999999999999556e-01 1.627906976744186024e-02 4.840625000000000067e-01
9.599999999999999645e-01 1.627906976744186024e-02 4.878124999999999822e-01
9.699999999999999734e-01 1.627906976744186024e-02 4.918750000000000067e-01
9.799999999999999822e-01 1.627906976744186024e-02 4.946875000000000022e-01
9.899999999999999911e-01 1.627906976744186024e-02 4.990625000000000200e-01
1.000000000000000000e+00 1.976744186046511600e-02 5.024999999999999467e-01
1.010000000000000009e+00 1.976744186046511600e-02 5.078125000000000000e-01
1.020000000000000018e+00 1.976744186046511600e-02 5.121875000000000178e-01
1.030000000000000027e+00 2.325581395348837177e-02 5.156250000000000000e-01
1.040000000000000036e+00 2.558139534883720895e-02 5.206250000000000044e-01
1.050000000000000044e+00 2.790697674418604612e-02 5.256250000000000089e-01
1.060000000000000053e+00 3.023255813953488330e-02 5.309374999999999512e-01
1.070000000000000062e+00 3.139534883720930536e-02 5.350000000000000311e-01
1.080000000000000071e+00 3.255813953488372048e-02 5.390625000000000000e-01
1.090000000000000080e+00 3.255813953488372048e-02 5.409374999999999600e-01
1.100000000000000089e+00 3.372093023255814254e-02 5.446874999999999911e-01
1.110000000000000098e+00 3.837209302325581689e-02 5.484375000000000222e-01
1.120000000000000107e+00 3.837209302325581689e-02 5.518750000000000044e-01
1.129999999999999893e+00 3.953488372093023201e-02 5.556250000000000355e-01
1.139999999999999902e+00 4.069767441860465407e-02 5.593749999999999556e-01
1.149999999999999911e+00 4.302325581395349124e-02 5.621874999999999512e-01
1.159999999999999920e+00 4.534883720930232842e-02 5.646875000000000089e-01
1.169999999999999929e+00 4.767441860465116560e-02 5.681249999999999911e-01
1.179999999999999938e+00 5.000000000000000278e-02 5.734375000000000444e-01
1.189999999999999947e+00 5.232558139534883995e-02 5.756250000000000533e-01
1.199999999999999956e+00 5.581395348837209225e-02 5.796875000000000222e-01
1.209999999999999964e+00 5.813953488372092943e-02 5.831250000000000044e-01
1.219999999999999973e+00 5.930232558139535148e-02 5.856249999999999512e-01
1.229999999999999982e+00 6.162790697674418866e-02 5.881250000000000089e-01
1.239999999999999991e+00 6.279069767441861072e-02 5.899999999999999689e-01
1.250000000000000000e+00 6.511627906976744096e-02 5.918750000000000400e-01
1.260000000000000009e+00 6.860465116279070019e-02 5.953125000000000222e-01
1.270000000000000018e+00 7.441860465116278966e-02 5.996875000000000400e-01
1.280000000000000027e+00 7.906976744186046402e-02 6.031250000000000222e-01
1.290000000000000036e+00 8.255813953488372325e-02 6.065625000000000044e-01
1.300000000000000044e+00 8.488372093023255349e-02 6.093750000000000000e-01
1.310000000000000053e+00 8.837209302325581273e-02 6.112499999999999600e-01
1.320000000000000062e+00 8.953488372093022785e-02 6.137500000000000178e-01
1.330000000000000071e+00 8.953488372093022785e-02 6.165625000000000133e-01
1.340000000000000080e+00 9.069767441860465684e-02 6.199999999999999956e-01
1.350000000000000089e+00 9.302325581395348708e-02 6.234374999999999778e-01
1.360000000000000098e+00 9.534883720930233120e-02 6.271875000000000089e-01
1.370000000000000107e+00 9.767441860465116144e-02 6.290624999999999689e-01
1.379999999999999893e+00 1.011627906976744207e-01 6.306249999999999911e-01
1.389999999999999902e+00 1.046511627906976799e-01 6.324999999999999512e-01
1.399999999999999911e+00 1.058139534883720950e-01 6.350000000000000089e-01
1.409999999999999920e+00 1.104651162790697694e-01 6.371875000000000178e-01
1.419999999999999929e+00 1.162790697674418589e-01 6.381250000000000533e-01
1.429999999999999938e+00 1.197674418604651181e-01 6.418749999999999734e-01
1.439999999999999947e+00 1.255813953488372214e-01 6.446874999999999689e-01
1.449999999999999956e+00 1.267441860465116366e-01 6.453124999999999556e-01
1.459999999999999964e+00 1.290697674418604668e-01 6.478125000000000133e-01
1.469999999999999973e+00 1.325581395348837122e-01 6.500000000000000222e-01
1.479999999999999982e+00 1.360465116279069853e-01 6.528125000000000178e-01
1.489999999999999991e+00 1.395348837209302306e-01 6.562500000000000000e-01
1.500000000000000000e+00 1.453488372093023340e-01 6.587499999999999467e-01
