1.493087962256635421e+02 2.063233765184819379e+00
1.493300599218717366e+02 2.049228671841599514e+00
1.493353871256878733e+02 2.045776920463985071e+00
1.493409573208078598e+02 2.041946545997828988e+00
1.493430135155146274e+02 2.040705195380802195e+00
1.493414765873302201e+02 2.041824554037904083e+00
1.493133969840690440e+02 2.060514258959783795e+00
1.493299344345188331e+02 2.049604192726246499e+00
1.493056915488655534e+02 2.065003804078529015e+00
1.493059645577478989e+02 2.065518916252066184e+00
1.493461889260763940e+02 2.038475790653157205e+00
1.493247013062128303e+02 2.052490365500823088e+00
1.493168404618495799e+02 2.058064089424500143e+00
1.493691941027574899e+02 2.023477885791924447e+00
1.493318961440073167e+02 2.048454080747778683e+00
1.493097731759523015e+02 2.063203834245603829e+00
1.493742053207335232e+02 2.019868865599649066e+00
1.493375615887949550e+02 2.044720784429239213e+00
1.493545974626488828e+02 2.033082535362398691e+00
1.493830549395605658e+02 2.014082152871569775e+00
1.494095502921047114e+02 1.996895337791865899e+00
1.493531975282526219e+02 2.033704176839222111e+00
1.493698528695235268e+02 2.022889780245094915e+00
1.494121633636348463e+02 1.994791669129575062e+00
1.494099015300699875e+02 1.996795869489738973e+00
1.493588065829003142e+02 2.030609870740938128e+00
1.493616598479390234e+02 2.028015829460383390e+00
1.493757812911717053e+02 2.018877683211488971e+00
1.493769050058184007e+02 2.018011590952152989e+00
1.493050651299248273e+02 2.065965384836529140e+00
1.493742326515761363e+02 2.020392305487025641e+00
1.493665422517807428e+02 2.024773253813416218e+00
1.494019535821132365e+02 2.001469973892155529e+00
1.493527453787216359e+02 2.034682425002845019e+00
1.494088790716067194e+02 1.996733167123406760e+00
1.494065098221076084e+02 1.998889636238122325e+00
1.493676425681336468e+02 2.024916770067205718e+00
1.493872207462565314e+02 2.013007843177597067e+00
1.493515077422867705e+02 2.035649742679236596e+00
1.494106019922606947e+02 1.996500865863920060e+00
1.493772576888972310e+02 2.017584111687810378e+00
1.493332670956499726e+02 2.047786339645683906e+00
1.493819244473588128e+02 2.014313381688288995e+00
1.493250722193976401e+02 2.053414423159429347e+00
1.493526754083062826e+02 2.033698745271536712e+00
1.494117654818971062e+02 1.995805399806583225e+00
1.493992312185861238e+02 2.003874000239277642e+00
1.493601822366502176e+02 2.030220727169174566e+00
1.493789638450635380e+02 2.017717081785229905e+00
1.493273228676408166e+02 2.050517836208514133e+00
1.493790538850155656e+02 2.016363473834926978e+00
1.493657927903034590e+02 2.025048169052376945e+00
1.493693439986151930e+02 2.023949533351371510e+00
1.493065399809852352e+02 2.065688059592329040e+00
1.493510241515085966e+02 2.036195780041633263e+00
1.493492301183527218e+02 2.035733525632765328e+00
1.493593924863527604e+02 2.029011125425358664e+00
1.493842041188137841e+02 2.012757796670867183e+00
1.493304681459272274e+02 2.049915228015966484e+00
1.494090239971463063e+02 1.996343648765076972e+00
1.493802462044045569e+02 2.015345437560491781e+00
1.493254202442178951e+02 2.053944679931104744e+00
1.494029610623455540e+02 2.002456717873895009e+00
1.493604422454204723e+02 2.026840695506718859e+00
1.493704679742757833e+02 2.021794500399096250e+00
1.493514472357042848e+02 2.034264052381696164e+00
1.493538218607657484e+02 2.034319769242912468e+00
1.493746159651066137e+02 2.019031732627529330e+00
1.493862958173643847e+02 2.012945438952720156e+00
1.493435060292984815e+02 2.039554188492980202e+00
1.493605205105724565e+02 2.027250825444405269e+00
1.493648472904607161e+02 2.026499073246361693e+00
1.493517784027392850e+02 2.036566753557702114e+00
1.493574367752904379e+02 2.030081674881045739e+00
1.493154418193626611e+02 2.060484659591622858e+00
